t	i
0.000000	0.197360
0.010000	0.385596
0.020000	0.566509
0.030000	0.740326
0.040000	0.907329
0.050000	1.067784
0.060000	1.221949
0.070000	1.370070
0.080000	1.512383
0.090000	1.649117
0.100000	1.780490
0.110000	1.906713
0.120000	2.027987
0.130000	2.144506
0.140000	2.256457
0.150000	2.364019
0.160000	2.467365
0.170000	2.566658
0.180000	2.662058
0.190000	2.753719
0.200000	2.841785
0.210000	2.926399
0.220000	3.007696
0.230000	3.085805
0.240000	3.160852
0.250000	3.232957
0.260000	3.302235
0.270000	3.368797
0.280000	3.432749
0.290000	3.494194
0.300000	3.553230
0.310000	3.609951
0.320000	3.664449
0.330000	3.716810
0.340000	3.767118
0.350000	3.815454
0.360000	3.861895
0.370000	3.906515
0.380000	3.949385
0.390000	3.990575
0.400000	4.030150
0.410000	4.068174
0.420000	4.104707
0.430000	4.139807
0.440000	4.173531
0.450000	4.205934
0.460000	4.237065
0.470000	4.266977
0.480000	4.295715
0.490000	4.323327
0.500000	4.349856
0.510000	4.375346
0.520000	4.399836
0.530000	4.423365
0.540000	4.445973
0.550000	4.467694
0.560000	4.488563
0.570000	4.508614
0.580000	4.527879
0.590000	4.546389
0.600000	4.564173
0.610000	4.581260
0.620000	4.597677
0.630000	4.613450
0.640000	4.628605
0.650000	4.643166
0.660000	4.657156
0.670000	4.670597
0.680000	4.683511
0.690000	4.695920
0.700000	4.707841
0.710000	4.719295
0.720000	4.730301
0.730000	4.740874
0.740000	4.751033
0.750000	4.760794
0.760000	4.770173
0.770000	4.779183
0.780000	4.787840
0.790000	4.796158
0.800000	4.804150
0.810000	4.811828
0.820000	4.819206
0.830000	4.826294
0.840000	4.833104
0.850000	4.839647
0.860000	4.845934
0.870000	4.851974
0.880000	4.857778
0.890000	4.863354
0.900000	4.868711
0.910000	4.873858
0.920000	4.878804
0.930000	4.883555
0.940000	4.888120
0.950000	4.892507
0.960000	4.896721
0.970000	4.900770
0.980000	4.904661
0.990000	4.908398
1.000000	4.911990
1.010000	4.915440
1.020000	4.918755
1.030000	4.921941
1.040000	4.925001
1.050000	4.927941
1.060000	4.930766
1.070000	4.933481
1.080000	4.936089
1.090000	4.938594
1.100000	4.941002
1.110000	4.943315
1.120000	4.945537
1.130000	4.947672
1.140000	4.949724
1.150000	4.951695
1.160000	4.953589
1.170000	4.955409
1.180000	4.957157
1.190000	4.958836
1.200000	4.960450
1.210000	4.962001
1.220000	4.963491
1.230000	4.964922
1.240000	4.966297
1.250000	4.967619
1.260000	4.968888
1.270000	4.970108
1.280000	4.971280
1.290000	4.972406
1.300000	4.973488
1.310000	4.974527
1.320000	4.975526
1.330000	4.976485
1.340000	4.977407
1.350000	4.978293
1.360000	4.979144
1.370000	4.979962
1.380000	4.980747
1.390000	4.981502
1.400000	4.982227
1.410000	4.982924
1.420000	4.983594
1.430000	4.984237
1.440000	4.984855
1.450000	4.985449
1.460000	4.986019
1.470000	4.986567
1.480000	4.987094
1.490000	4.987600
1.500000	4.988086
1.510000	4.988553
1.520000	4.989002
1.530000	4.989433
1.540000	4.989847
1.550000	4.990245
1.560000	4.990628
1.570000	4.990995
1.580000	4.991348
1.590000	4.991687
1.600000	4.992013
1.610000	4.992327
1.620000	4.992627
1.630000	4.992916
1.640000	4.993194
1.650000	4.993461
1.660000	4.993717
1.670000	4.993964
1.680000	4.994200
1.690000	4.994428
1.700000	4.994646
1.710000	4.994856
1.720000	4.995058
1.730000	4.995251
1.740000	4.995438
1.750000	4.995617
1.760000	4.995788
1.770000	4.995953
1.780000	4.996112
1.790000	4.996265
1.800000	4.996411
1.810000	4.996552
1.820000	4.996687
1.830000	4.996817
1.840000	4.996942
1.850000	4.997062
1.860000	4.997177
1.870000	4.997287
1.880000	4.997394
1.890000	4.997496
1.900000	4.997594
1.910000	4.997688
1.920000	4.997779
1.930000	4.997866
1.940000	4.997950
1.950000	4.998030
1.960000	4.998107
1.970000	4.998182
1.980000	4.998253
1.990000	4.998321
2.000000	4.998387
2.010000	4.998450
2.020000	4.998511
2.030000	4.998570
2.040000	4.998626
2.050000	4.998680
2.060000	4.998731
2.070000	4.998781
2.080000	4.998829
2.090000	4.998875
2.100000	4.998919
2.110000	4.998961
2.120000	4.999002
2.130000	4.999041
2.140000	4.999079
2.150000	4.999115
2.160000	4.999150
2.170000	4.999183
2.180000	4.999215
2.190000	4.999246
2.200000	4.999275
2.210000	4.999304
2.220000	4.999331
2.230000	4.999357
2.240000	4.999382
2.250000	4.999407
2.260000	4.999430
2.270000	4.999452
2.280000	4.999474
2.290000	4.999494
2.300000	4.999514
2.310000	4.999533
2.320000	4.999552
2.330000	4.999569
2.340000	4.999586
2.350000	4.999602
2.360000	4.999618
2.370000	4.999633
2.380000	4.999647
2.390000	4.999661
2.400000	4.999674
2.410000	4.999687
2.420000	4.999699
2.430000	4.999711
2.440000	4.999722
2.450000	4.999733
2.460000	4.999744
2.470000	4.999754
2.480000	4.999763
2.490000	4.999773
2.500000	4.999782
2.510000	4.999790
2.520000	4.999798
2.530000	4.999806
2.540000	4.999814
2.550000	4.999821
2.560000	4.999828
2.570000	4.999835
2.580000	4.999841
2.590000	4.999848
2.600000	4.999854
2.610000	4.999859
2.620000	4.999865
2.630000	4.999870
2.640000	4.999875
2.650000	4.999880
2.660000	4.999885
2.670000	4.999889
2.680000	4.999894
2.690000	4.999898
2.700000	4.999902
2.710000	4.999906
2.720000	4.999909
2.730000	4.999913
2.740000	4.999916
2.750000	4.999920
2.760000	4.999923
2.770000	4.999926
2.780000	4.999929
2.790000	4.999932
2.800000	4.999934
2.810000	4.999937
2.820000	4.999939
2.830000	4.999942
2.840000	4.999944
2.850000	4.999946
2.860000	4.999948
2.870000	4.999950
2.880000	4.999952
2.890000	4.999954
2.900000	4.999956
2.910000	4.999958
2.920000	4.999959
2.930000	4.999961
2.940000	4.999962
2.950000	4.999964
2.960000	4.999965
2.970000	4.999967
2.980000	4.999968
2.990000	4.999969
3.000000	4.999970
3.010000	4.999972
3.020000	4.999973
3.030000	4.999974
3.040000	4.999975
3.050000	4.999976
3.060000	4.999977
3.070000	4.999978
3.080000	4.999979
3.090000	4.999979
3.100000	4.999980
3.110000	4.999981
3.120000	4.999982
3.130000	4.999982
3.140000	4.999983
3.150000	4.999984
3.160000	4.999984
3.170000	4.999985
3.180000	4.999986
3.190000	4.999986
3.200000	4.999987
3.210000	4.999987
3.220000	4.999988
3.230000	4.999988
3.240000	4.999989
3.250000	4.999989
3.260000	4.999990
3.270000	4.999990
3.280000	4.999990
3.290000	4.999991
3.300000	4.999991
3.310000	4.999991
3.320000	4.999992
3.330000	4.999992
3.340000	4.999992
3.350000	4.999993
3.360000	4.999993
3.370000	4.999993
3.380000	4.999994
3.390000	4.999994
3.400000	4.999994
3.410000	4.999994
3.420000	4.999994
3.430000	4.999995
3.440000	4.999995
3.450000	4.999995
3.460000	4.999995
3.470000	4.999995
3.480000	4.999996
3.490000	4.999996
3.500000	4.999996
3.510000	4.999996
3.520000	4.999996
3.530000	4.999996
3.540000	4.999997
3.550000	4.999997
3.560000	4.999997
3.570000	4.999997
3.580000	4.999997
3.590000	4.999997
3.600000	4.999997
3.610000	4.999997
3.620000	4.999998
3.630000	4.999998
3.640000	4.999998
3.650000	4.999998
3.660000	4.999998
3.670000	4.999998
3.680000	4.999998
3.690000	4.999998
3.700000	4.999998
3.710000	4.999998
3.720000	4.999998
3.730000	4.999998
3.740000	4.999998
3.750000	4.999999
3.760000	4.999999
3.770000	4.999999
3.780000	4.999999
3.790000	4.999999
3.800000	4.999999
3.810000	4.999999
3.820000	4.999999
3.830000	4.999999
3.840000	4.999999
3.850000	4.999999
3.860000	4.999999
3.870000	4.999999
3.880000	4.999999
3.890000	4.999999
3.900000	4.999999
3.910000	4.999999
3.920000	4.999999
3.930000	4.999999
3.940000	4.999999
3.950000	4.999999
3.960000	4.999999
3.970000	4.999999
3.980000	4.999999
3.990000	4.999999
4.000000	4.999999
4.010000	4.999999
4.020000	5.000000
4.030000	5.000000
4.040000	5.000000
4.050000	5.000000
4.060000	5.000000
4.070000	5.000000
4.080000	5.000000
4.090000	5.000000
4.100000	5.000000
4.110000	5.000000
4.120000	5.000000
4.130000	5.000000
4.140000	5.000000
4.150000	5.000000
4.160000	5.000000
4.170000	5.000000
4.180000	5.000000
4.190000	5.000000
4.200000	5.000000
4.210000	5.000000
4.220000	5.000000
4.230000	5.000000
4.240000	5.000000
4.250000	5.000000
4.260000	5.000000
4.270000	5.000000
4.280000	5.000000
4.290000	5.000000
4.300000	5.000000
4.310000	5.000000
4.320000	5.000000
4.330000	5.000000
4.340000	5.000000
4.350000	5.000000
4.360000	5.000000
4.370000	5.000000
4.380000	5.000000
4.390000	5.000000
4.400000	5.000000
4.410000	5.000000
4.420000	5.000000
4.430000	5.000000
4.440000	5.000000
4.450000	5.000000
4.460000	5.000000
4.470000	5.000000
4.480000	5.000000
4.490000	5.000000
4.500000	5.000000
4.510000	5.000000
4.520000	5.000000
4.530000	5.000000
4.540000	5.000000
4.550000	5.000000
4.560000	5.000000
4.570000	5.000000
4.580000	5.000000
4.590000	5.000000
4.600000	5.000000
4.610000	5.000000
4.620000	5.000000
4.630000	5.000000
4.640000	5.000000
4.650000	5.000000
4.660000	5.000000
4.670000	5.000000
4.680000	5.000000
4.690000	5.000000
4.700000	5.000000
4.710000	5.000000
4.720000	5.000000
4.730000	5.000000
4.740000	5.000000
4.750000	5.000000
4.760000	5.000000
4.770000	5.000000
4.780000	5.000000
4.790000	5.000000
4.800000	5.000000
4.810000	5.000000
4.820000	5.000000
4.830000	5.000000
4.840000	5.000000
4.850000	5.000000
4.860000	5.000000
4.870000	5.000000
4.880000	5.000000
4.890000	5.000000
4.900000	5.000000
4.910000	5.000000
4.920000	5.000000
4.930000	5.000000
4.940000	5.000000
4.950000	5.000000
4.960000	5.000000
4.970000	5.000000
4.980000	5.000000
4.990000	5.000000
5.000000	5.000000
5.010000	5.000000
5.020000	5.000000
5.030000	5.000000
5.040000	5.000000
5.050000	5.000000
5.060000	5.000000
5.070000	5.000000
5.080000	5.000000
5.090000	5.000000
5.100000	5.000000
5.110000	5.000000
5.120000	5.000000
5.130000	5.000000
5.140000	5.000000
5.150000	5.000000
5.160000	5.000000
5.170000	5.000000
5.180000	5.000000
5.190000	5.000000
5.200000	5.000000
5.210000	5.000000
5.220000	5.000000
5.230000	5.000000
5.240000	5.000000
5.250000	5.000000
5.260000	5.000000
5.270000	5.000000
5.280000	5.000000
5.290000	5.000000
5.300000	5.000000
5.310000	5.000000
5.320000	5.000000
5.330000	5.000000
5.340000	5.000000
5.350000	5.000000
5.360000	5.000000
5.370000	5.000000
5.380000	5.000000
5.390000	5.000000
5.400000	5.000000
5.410000	5.000000
5.420000	5.000000
5.430000	5.000000
5.440000	5.000000
5.450000	5.000000
5.460000	5.000000
5.470000	5.000000
5.480000	5.000000
5.490000	5.000000
5.500000	5.000000
5.510000	5.000000
5.520000	5.000000
5.530000	5.000000
5.540000	5.000000
5.550000	5.000000
5.560000	5.000000
5.570000	5.000000
5.580000	5.000000
5.590000	5.000000
5.600000	5.000000
5.610000	5.000000
5.620000	5.000000
5.630000	5.000000
5.640000	5.000000
5.650000	5.000000
5.660000	5.000000
5.670000	5.000000
5.680000	5.000000
5.690000	5.000000
5.700000	5.000000
5.710000	5.000000
5.720000	5.000000
5.730000	5.000000
5.740000	5.000000
5.750000	5.000000
5.760000	5.000000
5.770000	5.000000
5.780000	5.000000
5.790000	5.000000
5.800000	5.000000
5.810000	5.000000
5.820000	5.000000
5.830000	5.000000
5.840000	5.000000
5.850000	5.000000
5.860000	5.000000
5.870000	5.000000
5.880000	5.000000
5.890000	5.000000
5.900000	5.000000
5.910000	5.000000
5.920000	5.000000
5.930000	5.000000
5.940000	5.000000
5.950000	5.000000
5.960000	5.000000
5.970000	5.000000
5.980000	5.000000
5.990000	5.000000
6.000000	5.000000
6.010000	5.000000
6.020000	5.000000
6.030000	5.000000
6.040000	5.000000
6.050000	5.000000
6.060000	5.000000
6.070000	5.000000
6.080000	5.000000
6.090000	5.000000
6.100000	5.000000
6.110000	5.000000
6.120000	5.000000
6.130000	5.000000
6.140000	5.000000
6.150000	5.000000
6.160000	5.000000
6.170000	5.000000
6.180000	5.000000
6.190000	5.000000
6.200000	5.000000
6.210000	5.000000
6.220000	5.000000
6.230000	5.000000
6.240000	5.000000
6.250000	5.000000
6.260000	5.000000
6.270000	5.000000
6.280000	5.000000
6.290000	5.000000
6.300000	5.000000
6.310000	5.000000
6.320000	5.000000
6.330000	5.000000
6.340000	5.000000
6.350000	5.000000
6.360000	5.000000
6.370000	5.000000
6.380000	5.000000
6.390000	5.000000
6.400000	5.000000
6.410000	5.000000
6.420000	5.000000
6.430000	5.000000
6.440000	5.000000
6.450000	5.000000
6.460000	5.000000
6.470000	5.000000
6.480000	5.000000
6.490000	5.000000
6.500000	5.000000
6.510000	5.000000
6.520000	5.000000
6.530000	5.000000
6.540000	5.000000
6.550000	5.000000
6.560000	5.000000
6.570000	5.000000
6.580000	5.000000
6.590000	5.000000
6.600000	5.000000
6.610000	5.000000
6.620000	5.000000
6.630000	5.000000
6.640000	5.000000
6.650000	5.000000
6.660000	5.000000
6.670000	5.000000
6.680000	5.000000
6.690000	5.000000
6.700000	5.000000
6.710000	5.000000
6.720000	5.000000
6.730000	5.000000
6.740000	5.000000
6.750000	5.000000
6.760000	5.000000
6.770000	5.000000
6.780000	5.000000
6.790000	5.000000
6.800000	5.000000
6.810000	5.000000
6.820000	5.000000
6.830000	5.000000
6.840000	5.000000
6.850000	5.000000
6.860000	5.000000
6.870000	5.000000
6.880000	5.000000
6.890000	5.000000
6.900000	5.000000
6.910000	5.000000
6.920000	5.000000
6.930000	5.000000
6.940000	5.000000
6.950000	5.000000
6.960000	5.000000
6.970000	5.000000
6.980000	5.000000
6.990000	5.000000
7.000000	5.000000
7.010000	5.000000
7.020000	5.000000
7.030000	5.000000
7.040000	5.000000
7.050000	5.000000
7.060000	5.000000
7.070000	5.000000
7.080000	5.000000
7.090000	5.000000
7.100000	5.000000
7.110000	5.000000
7.120000	5.000000
7.130000	5.000000
7.140000	5.000000
7.150000	5.000000
7.160000	5.000000
7.170000	5.000000
7.180000	5.000000
7.190000	5.000000
7.200000	5.000000
7.210000	5.000000
7.220000	5.000000
7.230000	5.000000
7.240000	5.000000
7.250000	5.000000
7.260000	5.000000
7.270000	5.000000
7.280000	5.000000
7.290000	5.000000
7.300000	5.000000
7.310000	5.000000
7.320000	5.000000
7.330000	5.000000
7.340000	5.000000
7.350000	5.000000
7.360000	5.000000
7.370000	5.000000
7.380000	5.000000
7.390000	5.000000
7.400000	5.000000
7.410000	5.000000
7.420000	5.000000
7.430000	5.000000
7.440000	5.000000
7.450000	5.000000
7.460000	5.000000
7.470000	5.000000
7.480000	5.000000
7.490000	5.000000
7.500000	5.000000
7.510000	5.000000
7.520000	5.000000
7.530000	5.000000
7.540000	5.000000
7.550000	5.000000
7.560000	5.000000
7.570000	5.000000
7.580000	5.000000
7.590000	5.000000
7.600000	5.000000
7.610000	5.000000
7.620000	5.000000
7.630000	5.000000
7.640000	5.000000
7.650000	5.000000
7.660000	5.000000
7.670000	5.000000
7.680000	5.000000
7.690000	5.000000
7.700000	5.000000
7.710000	5.000000
7.720000	5.000000
7.730000	5.000000
7.740000	5.000000
7.750000	5.000000
7.760000	5.000000
7.770000	5.000000
7.780000	5.000000
7.790000	5.000000
7.800000	5.000000
7.810000	5.000000
7.820000	5.000000
7.830000	5.000000
7.840000	5.000000
7.850000	5.000000
7.860000	5.000000
7.870000	5.000000
7.880000	5.000000
7.890000	5.000000
7.900000	5.000000
7.910000	5.000000
7.920000	5.000000
7.930000	5.000000
7.940000	5.000000
7.950000	5.000000
7.960000	5.000000
7.970000	5.000000
7.980000	5.000000
7.990000	5.000000
8.000000	5.000000
8.010000	5.000000
8.020000	5.000000
8.030000	5.000000
8.040000	5.000000
8.050000	5.000000
8.060000	5.000000
8.070000	5.000000
8.080000	5.000000
8.090000	5.000000
8.100000	5.000000
8.110000	5.000000
8.120000	5.000000
8.130000	5.000000
8.140000	5.000000
8.150000	5.000000
8.160000	5.000000
8.170000	5.000000
8.180000	5.000000
8.190000	5.000000
8.200000	5.000000
8.210000	5.000000
8.220000	5.000000
8.230000	5.000000
8.240000	5.000000
8.250000	5.000000
8.260000	5.000000
8.270000	5.000000
8.280000	5.000000
8.290000	5.000000
8.300000	5.000000
8.310000	5.000000
8.320000	5.000000
8.330000	5.000000
8.340000	5.000000
8.350000	5.000000
8.360000	5.000000
8.370000	5.000000
8.380000	5.000000
8.390000	5.000000
8.400000	5.000000
8.410000	5.000000
8.420000	5.000000
8.430000	5.000000
8.440000	5.000000
8.450000	5.000000
8.460000	5.000000
8.470000	5.000000
8.480000	5.000000
8.490000	5.000000
8.500000	5.000000
8.510000	5.000000
8.520000	5.000000
8.530000	5.000000
8.540000	5.000000
8.550000	5.000000
8.560000	5.000000
8.570000	5.000000
8.580000	5.000000
8.590000	5.000000
8.600000	5.000000
8.610000	5.000000
8.620000	5.000000
8.630000	5.000000
8.640000	5.000000
8.650000	5.000000
8.660000	5.000000
8.670000	5.000000
8.680000	5.000000
8.690000	5.000000
8.700000	5.000000
8.710000	5.000000
8.720000	5.000000
8.730000	5.000000
8.740000	5.000000
8.750000	5.000000
8.760000	5.000000
8.770000	5.000000
8.780000	5.000000
8.790000	5.000000
8.800000	5.000000
8.810000	5.000000
8.820000	5.000000
8.830000	5.000000
8.840000	5.000000
8.850000	5.000000
8.860000	5.000000
8.870000	5.000000
8.880000	5.000000
8.890000	5.000000
8.900000	5.000000
8.910000	5.000000
8.920000	5.000000
8.930000	5.000000
8.940000	5.000000
8.950000	5.000000
8.960000	5.000000
8.970000	5.000000
8.980000	5.000000
8.990000	5.000000
9.000000	5.000000
9.010000	5.000000
9.020000	5.000000
9.030000	5.000000
9.040000	5.000000
9.050000	5.000000
9.060000	5.000000
9.070000	5.000000
9.080000	5.000000
9.090000	5.000000
9.100000	5.000000
9.110000	5.000000
9.120000	5.000000
9.130000	5.000000
9.140000	5.000000
9.150000	5.000000
9.160000	5.000000
9.170000	5.000000
9.180000	5.000000
9.190000	5.000000
9.200000	5.000000
9.210000	5.000000
9.220000	5.000000
9.230000	5.000000
9.240000	5.000000
9.250000	5.000000
9.260000	5.000000
9.270000	5.000000
9.280000	5.000000
9.290000	5.000000
9.300000	5.000000
9.310000	5.000000
9.320000	5.000000
9.330000	5.000000
9.340000	5.000000
9.350000	5.000000
9.360000	5.000000
9.370000	5.000000
9.380000	5.000000
9.390000	5.000000
9.400000	5.000000
9.410000	5.000000
9.420000	5.000000
9.430000	5.000000
9.440000	5.000000
9.450000	5.000000
9.460000	5.000000
9.470000	5.000000
9.480000	5.000000
9.490000	5.000000
9.500000	5.000000
9.510000	5.000000
9.520000	5.000000
9.530000	5.000000
9.540000	5.000000
9.550000	5.000000
9.560000	5.000000
9.570000	5.000000
9.580000	5.000000
9.590000	5.000000
9.600000	5.000000
9.610000	5.000000
9.620000	5.000000
9.630000	5.000000
9.640000	5.000000
9.650000	5.000000
9.660000	5.000000
9.670000	5.000000
9.680000	5.000000
9.690000	5.000000
9.700000	5.000000
9.710000	5.000000
9.720000	5.000000
9.730000	5.000000
9.740000	5.000000
9.750000	5.000000
9.760000	5.000000
9.770000	5.000000
9.780000	5.000000
9.790000	5.000000
9.800000	5.000000
9.810000	5.000000
9.820000	5.000000
9.830000	5.000000
9.840000	5.000000
9.850000	5.000000
9.860000	5.000000
9.870000	5.000000
9.880000	5.000000
9.890000	5.000000
9.900000	5.000000
9.910000	5.000000
9.920000	5.000000
9.930000	5.000000
9.940000	5.000000
9.950000	5.000000
9.960000	5.000000
9.970000	5.000000
9.980000	5.000000
9.990000	5.000000
10.000000	5.000000
