0	0	0.000000
0	1	0.000000
0	2	0.000000
0	3	0.000000
0	4	0.000000
0	5	0.000000
0	6	0.000000
0	7	0.000000
0	8	0.000000
0	9	0.000000
0	10	0.000000
0	11	0.000000
0	12	0.000000
0	13	0.000000
0	14	0.000000
0	15	0.000000
0	16	0.000000
0	17	0.000000
0	18	0.000000
0	19	0.000000
0	20	0.000000
0	21	0.000000
0	22	0.000000
0	23	0.000000
0	24	0.000000
0	25	0.000000
0	26	0.000000
0	27	0.000000
0	28	0.000000
0	29	0.000000
0	30	0.000000
0	31	0.000000
0	32	0.000000
0	33	0.000000
0	34	0.000000
0	35	0.000000
0	36	0.000000
0	37	0.000000
0	38	0.000000
0	39	0.000000
0	40	0.000000
0	41	0.000000
0	42	0.000000
0	43	0.000000
0	44	0.000000
0	45	0.000000
0	46	0.000000
0	47	0.000000
0	48	0.000000
0	49	0.000000
0	50	0.000000
0	51	0.000000
0	52	0.000000
0	53	0.000000
0	54	0.000000
0	55	0.000000
0	56	0.000000
0	57	0.000000
0	58	0.000000
0	59	0.000000
0	60	0.000000
0	61	0.000000
0	62	0.000000
0	63	0.000000
0	64	0.000000
0	65	0.000000
0	66	0.000000
0	67	0.000000
0	68	0.000000
0	69	0.000000
0	70	0.000000
0	71	0.000000
0	72	0.000000
0	73	0.000000
0	74	0.000000
0	75	0.000000
0	76	0.000000
0	77	0.000000
0	78	0.000000
0	79	0.000000
0	80	0.000000
0	81	0.000000
0	82	0.000000
0	83	0.000000
0	84	0.000000
0	85	0.000000
0	86	0.000000
0	87	0.000000
0	88	0.000000
0	89	0.000000
0	90	0.000000
0	91	0.000000
0	92	0.000000
0	93	0.000000
0	94	0.000000
0	95	0.000000
0	96	0.000000
0	97	0.000000
0	98	0.000000
0	99	0.000000
0	100	0.000000
0	101	0.000000
0	102	0.000000
0	103	0.000000
0	104	0.000000
0	105	0.000000
0	106	0.000000
0	107	0.000000
0	108	0.000000
0	109	0.000000
0	110	0.000000
0	111	0.000000
0	112	0.000000
0	113	0.000000
0	114	0.000000
0	115	0.000000
0	116	0.000000
0	117	0.000000
0	118	0.000000
0	119	0.000000
0	120	0.000000
0	121	0.000000
0	122	0.000000
0	123	0.000000
0	124	0.000000
0	125	0.000000
0	126	0.000000
0	127	0.000000
0	128	0.000000
0	129	0.000000
0	130	0.000000
0	131	0.000000
0	132	0.000000
0	133	0.000000
0	134	0.000000
0	135	0.000000
0	136	0.000000
0	137	0.000000
0	138	0.000000
0	139	0.000000
0	140	0.000000
0	141	0.000000
0	142	0.000000
0	143	0.000000
0	144	0.000000
0	145	0.000000
0	146	0.000000
0	147	0.000000
0	148	0.000000
0	149	0.000000
0	150	0.000000
0	151	0.000000
0	152	0.000000
0	153	0.000000
0	154	0.000000
0	155	0.000000
0	156	0.000000
0	157	0.000000
0	158	0.000000
0	159	0.000000
0	160	0.000000
0	161	0.000000
0	162	0.000000
0	163	0.000000
0	164	0.000000
0	165	0.000000
0	166	0.000000
0	167	0.000000
0	168	0.000000
0	169	0.000000
0	170	0.000000
0	171	0.000000
0	172	0.000000
0	173	0.000000
0	174	0.000000
0	175	0.000000
0	176	0.000000
0	177	0.000000
0	178	0.000000
0	179	0.000000
0	180	0.000000
0	181	0.000000
0	182	0.000000
0	183	0.000000
0	184	0.000000
0	185	0.000000
0	186	0.000000
0	187	0.000000
0	188	0.000000
0	189	0.000000
0	190	0.000000
0	191	0.000000
0	192	0.000000
0	193	0.000000
0	194	0.000000
0	195	0.000000
0	196	0.000000
0	197	0.000000
0	198	0.000000
0	199	0.000000
1	0	100.000000
1	1	50.000000
1	2	50.000000
1	3	37.500000
1	4	37.500000
1	5	31.250000
1	6	31.250000
1	7	27.343750
1	8	27.343750
1	9	24.609375
1	10	24.609375
1	11	22.558594
1	12	22.558594
1	13	20.947266
1	14	20.947266
1	15	19.638062
1	16	19.638062
1	17	18.547058
1	18	18.546677
1	19	17.619324
1	20	17.617702
1	21	16.816807
1	22	16.812778
1	23	16.111994
1	24	16.104317
1	25	15.484393
1	26	15.471950
1	27	14.918447
1	28	14.900358
1	29	14.402205
1	30	14.377873
1	31	13.926422
1	32	13.895527
1	33	13.483910
1	34	13.446379
1	35	13.069063
1	36	13.025029
1	37	12.677501
1	38	12.627249
1	39	12.305786
1	40	12.249717
1	41	11.951216
1	42	11.889806
1	43	11.611657
1	44	11.545426
1	45	11.285417
1	46	11.214904
1	47	10.971146
1	48	10.896893
1	49	10.667761
1	50	10.590295
1	51	10.374384
1	52	10.294210
1	53	10.090297
1	54	10.007893
1	55	9.814909
1	56	9.730719
1	57	9.547722
1	58	9.462156
1	59	9.288318
1	60	9.201750
1	61	9.036336
1	62	8.949106
1	63	8.791461
1	64	8.703875
1	65	8.553417
1	66	8.465748
1	67	8.321954
1	68	8.234446
1	69	8.096848
1	70	8.009717
1	71	7.877891
1	72	7.791326
1	73	7.664891
1	74	7.579058
1	75	7.457670
1	76	7.372712
1	77	7.256058
1	78	7.172100
1	79	7.059894
1	80	6.977042
1	81	6.869025
1	82	6.787370
1	83	6.683304
1	84	6.602922
1	85	6.502590
1	86	6.423543
1	87	6.326747
1	88	6.249087
1	89	6.155642
1	90	6.079409
1	91	5.989149
1	92	5.914375
1	93	5.827142
1	94	5.753852
1	95	5.669502
1	96	5.597712
1	97	5.516113
1	98	5.445832
1	99	5.366859
1	100	5.298093
1	101	5.221632
1	102	5.154380
1	103	5.080322
1	104	5.014580
1	105	4.942826
1	106	4.878586
1	107	4.809042
1	108	4.746292
1	109	4.678869
1	110	4.617596
1	111	4.552212
1	112	4.492398
1	113	4.428976
1	114	4.370603
1	115	4.309069
1	116	4.252118
1	117	4.192403
1	118	4.136851
1	119	4.078890
1	120	4.024715
1	121	3.968445
1	122	3.915623
1	123	3.860987
1	124	3.809493
1	125	3.756434
1	126	3.706243
1	127	3.654709
1	128	3.605796
1	129	3.555735
1	130	3.508074
1	131	3.459439
1	132	3.413003
1	133	3.365748
1	134	3.320511
1	135	3.274592
1	136	3.230528
1	137	3.185903
1	138	3.142986
1	139	3.099614
1	140	3.057817
1	141	3.015661
1	142	2.974958
1	143	2.933979
1	144	2.894346
1	145	2.854509
1	146	2.815920
1	147	2.777191
1	148	2.739619
1	149	2.701965
1	150	2.665388
1	151	2.628776
1	152	2.593168
1	153	2.557569
1	154	2.522906
1	155	2.488290
1	156	2.454549
1	157	2.420886
1	158	2.388044
1	159	2.355308
1	160	2.323342
1	161	2.291506
1	162	2.260393
1	163	2.229432
1	164	2.199151
1	165	2.169039
1	166	2.139568
1	167	2.110281
1	168	2.081600
1	169	2.053114
1	170	2.025203
1	171	1.997496
1	172	1.970334
1	173	1.943385
1	174	1.916951
1	175	1.890739
1	176	1.865016
1	177	1.839519
1	178	1.814488
1	179	1.789686
1	180	1.765328
1	181	1.741203
1	182	1.717501
1	183	1.694033
1	184	1.670970
1	185	1.648141
1	186	1.625699
1	187	1.603492
1	188	1.581656
1	189	1.560053
1	190	1.538805
1	191	1.517790
1	192	1.497116
1	193	1.476672
1	194	1.456556
1	195	1.436668
1	196	1.417095
1	197	1.397747
1	198	1.378703
1	199	1.359881
2	0	100.000000
2	1	100.000000
2	2	75.000000
2	3	75.000000
2	4	62.500000
2	5	62.500000
2	6	54.687500
2	7	54.687500
2	8	49.218750
2	9	49.218750
2	10	45.117188
2	11	45.117188
2	12	41.894531
2	13	41.894531
2	14	39.276123
2	15	39.276123
2	16	37.094116
2	17	37.093353
2	18	35.238647
2	19	35.235405
2	20	33.633614
2	21	33.625555
2	22	32.223988
2	23	32.208633
2	24	30.968785
2	25	30.943900
2	26	29.836893
2	27	29.800717
2	28	28.804410
2	29	28.755747
2	30	27.852844
2	31	27.791054
2	32	26.967819
2	33	26.892759
2	34	26.138127
2	35	26.050058
2	36	25.355002
2	37	25.254498
2	38	24.611572
2	39	24.499435
2	40	23.902432
2	41	23.779612
2	42	23.223314
2	43	23.090852
2	44	22.570834
2	45	22.429808
2	46	21.942293
2	47	21.793786
2	48	21.335523
2	49	21.180590
2	50	20.748768
2	51	20.588421
2	52	20.180595
2	53	20.015787
2	54	19.629817
2	55	19.461437
2	56	19.095444
2	57	18.924312
2	58	18.576636
2	59	18.403500
2	60	18.072672
2	61	17.898212
2	62	17.582923
2	63	17.407750
2	64	17.106834
2	65	16.931496
2	66	16.643909
2	67	16.468893
2	68	16.193696
2	69	16.019433
2	70	15.755782
2	71	15.582651
2	72	15.329783
2	73	15.158116
2	74	14.915340
2	75	14.745425
2	76	14.512116
2	77	14.344200
2	78	14.119788
2	79	13.954085
2	80	13.738050
2	81	13.574740
2	82	13.366608
2	83	13.205844
2	84	13.005181
2	85	12.847087
2	86	12.653494
2	87	12.498173
2	88	12.311285
2	89	12.158819
2	90	11.978297
2	91	11.828750
2	92	11.654284
2	93	11.507704
2	94	11.339005
2	95	11.195424
2	96	11.032225
2	97	10.891664
2	98	10.733719
2	99	10.596186
2	100	10.443264
2	101	10.308760
2	102	10.160645
2	103	10.029161
2	104	9.885653
2	105	9.757172
2	106	9.618083
2	107	9.492584
2	108	9.357738
2	109	9.235191
2	110	9.104424
2	111	8.984796
2	112	8.857951
2	113	8.741207
2	114	8.618138
2	115	8.504236
2	116	8.384806
2	117	8.273702
2	118	8.157779
2	119	8.049429
2	120	7.936890
2	121	7.831246
2	122	7.721973
2	123	7.618986
2	124	7.512868
2	125	7.412486
2	126	7.309417
2	127	7.211591
2	128	7.111470
2	129	7.016147
2	130	6.918878
2	131	6.826006
2	132	6.731496
2	133	6.641022
2	134	6.549184
2	135	6.461056
2	136	6.371806
2	137	6.285971
2	138	6.199228
2	139	6.115635
2	140	6.031321
2	141	5.949917
2	142	5.867959
2	143	5.788692
2	144	5.709019
2	145	5.631839
2	146	5.554381
2	147	5.479239
2	148	5.403930
2	149	5.330775
2	150	5.257552
2	151	5.186336
2	152	5.115138
2	153	5.045812
2	154	4.976579
2	155	4.909097
2	156	4.841773
2	157	4.776088
2	158	4.710617
2	159	4.646684
2	160	4.583012
2	161	4.520787
2	162	4.458864
2	163	4.398302
2	164	4.338077
2	165	4.279136
2	166	4.220562
2	167	4.163200
2	168	4.106229
2	169	4.050405
2	170	3.994993
2	171	3.940667
2	172	3.886770
2	173	3.833903
2	174	3.781477
2	175	3.730032
2	176	3.679037
2	177	3.628975
2	178	3.579372
2	179	3.530657
2	180	3.482406
2	181	3.435002
2	182	3.388066
2	183	3.341940
2	184	3.296282
2	185	3.251399
2	186	3.206984
2	187	3.163311
2	188	3.120105
2	189	3.077610
2	190	3.035580
2	191	2.994231
2	192	2.953344
2	193	2.913111
2	194	2.873336
2	195	2.834189
2	196	2.795495
2	197	2.757406
2	198	2.719763
2	199	2.682702
3	0	100.000000
3	1	100.000000
3	2	100.000000
3	3	87.500000
3	4	87.500000
3	5	78.125000
3	6	78.125000
3	7	71.093750
3	8	71.093750
3	9	65.625000
3	10	65.625000
3	11	61.230469
3	12	61.230469
3	13	57.604980
3	14	57.604980
3	15	54.550171
3	16	54.548645
3	17	51.930237
3	18	51.924133
3	19	49.647903
3	20	49.633408
3	21	47.631168
3	22	47.604489
3	23	45.825577
3	24	45.783484
3	25	44.189394
3	26	44.129483
3	27	42.690374
3	28	42.611135
3	29	41.303482
3	30	41.204235
3	31	40.009216
3	32	39.889991
3	33	38.792344
3	34	38.653736
3	35	37.640940
3	36	37.483968
3	37	36.545643
3	38	36.371620
3	39	35.499077
3	40	35.309507
3	41	34.495412
3	42	34.291897
3	43	33.530011
3	44	33.314191
3	45	32.599169
3	46	32.372667
3	47	31.699899
3	48	31.464286
3	49	30.829775
3	50	30.586547
3	51	29.986805
3	52	29.737363
3	53	29.169337
3	54	28.914981
3	55	28.375979
3	56	28.117905
3	57	27.605550
3	58	27.344845
3	59	26.857025
3	60	26.594673
3	61	26.129509
3	62	25.866394
3	63	25.422207
3	64	25.159117
3	65	24.734400
3	66	24.472038
3	67	24.065437
3	68	23.804420
3	69	23.414716
3	70	23.155586
3	71	22.781675
3	72	22.524906
3	73	22.165789
3	74	21.911792
3	75	21.566561
3	76	21.315688
3	77	20.983517
3	78	20.736070
3	79	20.416206
3	80	20.172438
3	81	19.864192
3	82	19.624318
3	83	19.327057
3	84	19.091251
3	85	18.804397
3	86	18.572803
3	87	18.295822
3	88	18.068551
3	89	17.800952
3	90	17.578091
3	91	17.319420
3	92	17.101032
3	93	16.850868
3	94	16.636995
3	95	16.394949
3	96	16.185616
3	97	15.951325
3	98	15.746541
3	99	15.519668
3	100	15.319427
3	101	15.099658
3	102	14.903942
3	103	14.690983
3	104	14.499764
3	105	14.293340
3	106	14.106581
3	107	13.906434
3	108	13.724090
3	109	13.529978
3	110	13.351997
3	111	13.163691
3	112	12.990016
3	113	12.807301
3	114	12.637869
3	115	12.460542
3	116	12.295287
3	117	12.123156
3	118	11.962008
3	119	11.794891
3	120	11.637777
3	121	11.475501
3	122	11.322348
3	123	11.164749
3	124	11.015480
3	125	10.862401
3	126	10.716939
3	127	10.568232
3	128	10.426499
3	129	10.282020
3	130	10.143938
3	131	10.003553
3	132	9.869042
3	133	9.732620
3	134	9.601601
3	135	9.469020
3	136	9.341415
3	137	9.212553
3	138	9.088283
3	139	8.963028
3	140	8.842016
3	141	8.720257
3	142	8.602427
3	143	8.484058
3	144	8.369333
3	145	8.254253
3	146	8.142558
3	147	8.030670
3	148	7.921931
3	149	7.813140
3	150	7.707285
3	151	7.601499
3	152	7.498456
3	153	7.395590
3	154	7.295289
3	155	7.195256
3	156	7.097628
3	157	7.000347
3	158	6.905324
3	159	6.810716
3	160	6.718232
3	161	6.626221
3	162	6.536210
3	163	6.446722
3	164	6.359121
3	165	6.272085
3	166	6.186831
3	167	6.102177
3	168	6.019210
3	169	5.936871
3	170	5.856132
3	171	5.776043
3	172	5.697472
3	173	5.619570
3	174	5.543112
3	175	5.467336
3	176	5.392934
3	177	5.319225
3	178	5.246826
3	179	5.175126
3	180	5.104676
3	181	5.034930
3	182	4.966379
3	183	4.898531
3	184	4.831828
3	185	4.765828
3	186	4.700923
3	187	4.636719
3	188	4.573565
3	189	4.511107
3	190	4.449657
3	191	4.388898
3	192	4.329107
3	193	4.269999
3	194	4.211823
3	195	4.154322
3	196	4.097717
3	197	4.041778
3	198	3.986702
3	199	3.932282
4	0	100.000000
4	1	100.000000
4	2	100.000000
4	3	100.000000
4	4	93.750000
4	5	93.750000
4	6	87.500000
4	7	87.500000
4	8	82.031250
4	9	82.031250
4	10	77.343750
4	11	77.343750
4	12	73.315430
4	13	73.315430
4	14	69.824219
4	15	69.821167
4	16	66.766357
4	17	66.754913
4	18	64.057159
4	19	64.031410
4	20	61.628723
4	21	61.583424
4	22	59.427166
4	23	59.358335
4	24	57.410002
4	25	57.315066
4	26	55.543855
4	27	55.421553
4	28	53.802555
4	29	53.652723
4	30	52.165589
4	31	51.988927
4	32	50.616869
4	33	50.414713
4	34	49.143754
4	35	48.917878
4	36	47.736284
4	37	47.488742
4	38	46.386582
4	39	46.119578
4	40	45.088392
4	41	44.804182
4	42	43.836709
4	43	43.537531
4	44	42.627504
4	45	42.315525
4	46	41.457505
4	47	41.134787
4	48	40.324027
4	49	39.992503
4	50	39.224842
4	51	38.886306
4	52	38.158079
4	53	37.814176
4	54	37.122142
4	55	36.774373
4	56	36.115656
4	57	35.765377
4	58	35.137414
4	59	34.785846
4	60	34.186347
4	61	33.834577
4	62	33.261491
4	63	32.910485
4	64	32.361967
4	65	32.012579
4	66	31.486966
4	67	31.139947
4	68	30.635735
4	69	30.291738
4	70	29.807568
4	71	29.467161
4	72	29.001795
4	73	28.665468
4	74	28.217782
4	75	27.885951
4	76	27.454919
4	77	27.127939
4	78	26.712624
4	79	26.390792
4	80	25.990334
4	81	25.673895
4	82	25.287506
4	83	24.976659
4	84	24.603614
4	85	24.298519
4	86	23.938150
4	87	23.638929
4	88	23.290620
4	89	22.997364
4	90	22.660542
4	91	22.373313
4	92	22.047451
4	93	21.766287
4	94	21.450892
4	95	21.175809
4	96	20.870424
4	97	20.601418
4	98	20.305617
4	99	20.042667
4	100	19.756052
4	101	19.499123
4	102	19.221321
4	103	18.970367
4	104	18.701028
4	105	18.455990
4	106	18.194786
4	107	17.955597
4	108	17.702218
4	109	17.468803
4	110	17.222959
4	111	16.995235
4	112	16.756651
4	113	16.534531
4	114	16.302946
4	115	16.086337
4	116	15.861506
4	117	15.650313
4	118	15.432002
4	119	15.226125
4	120	15.014112
4	121	14.813450
4	122	14.607524
4	123	14.411975
4	124	14.211934
4	125	14.021392
4	126	13.827046
4	127	13.641406
4	128	13.452571
4	129	13.271728
4	130	13.088228
4	131	12.912077
4	132	12.733745
4	133	12.562181
4	134	12.388855
4	135	12.221773
4	136	12.053300
4	137	11.890596
4	138	11.726828
4	139	11.568398
4	140	11.409193
4	141	11.254936
4	142	11.100157
4	143	10.949973
4	144	10.799487
4	145	10.653276
4	146	10.506958
4	147	10.364623
4	148	10.222349
4	149	10.083794
4	150	9.945447
4	151	9.810577
4	152	9.676042
4	153	9.544765
4	154	9.413933
4	155	9.286158
4	156	9.158921
4	157	9.034559
4	158	8.910816
4	159	8.789779
4	160	8.669430
4	161	8.551633
4	162	8.434581
4	163	8.319941
4	164	8.206093
4	165	8.094527
4	166	7.983793
4	167	7.875221
4	168	7.767513
4	169	7.661858
4	170	7.557092
4	171	7.454277
4	172	7.352371
4	173	7.252321
4	174	7.153194
4	175	7.055837
4	176	6.959412
4	177	6.864677
4	178	6.770880
4	179	6.678696
4	180	6.587454
4	181	6.497755
4	182	6.408996
4	183	6.321716
4	184	6.235373
4	185	6.150447
4	186	6.066453
4	187	5.983818
4	188	5.902109
4	189	5.821705
4	190	5.742216
4	191	5.663983
4	192	5.586655
4	193	5.510535
4	194	5.435308
4	195	5.361244
4	196	5.288060
4	197	5.215998
4	198	5.144802
4	199	5.074687
5	0	100.000000
5	1	100.000000
5	2	100.000000
5	3	100.000000
5	4	100.000000
5	5	96.875000
5	6	96.875000
5	7	92.968750
5	8	92.968750
5	9	89.062500
5	10	89.062500
5	11	85.400391
5	12	85.400391
5	13	82.043457
5	14	82.037354
5	15	78.982544
5	16	78.961182
5	17	76.184082
5	18	76.138687
5	19	73.609543
5	20	73.533440
5	21	71.223164
5	22	71.112180
5	23	68.994427
5	24	68.846649
5	25	66.898316
5	26	66.713622
5	27	64.914735
5	28	64.694311
5	29	63.027696
5	30	62.773620
5	31	61.224522
5	32	60.939435
5	33	59.495164
5	34	59.182021
5	35	57.831627
5	36	57.493516
5	37	56.227522
5	38	55.867537
5	39	54.677706
5	40	54.298858
5	41	53.178005
5	42	52.783165
5	43	51.724997
5	44	51.316859
5	45	50.315841
5	46	49.896907
5	47	48.948155
5	48	48.520721
5	49	47.619910
5	50	47.186065
5	51	46.329352
5	52	45.890989
5	53	45.074947
5	54	44.633765
5	55	43.855332
5	56	43.412850
5	57	42.669279
5	58	42.226846
5	59	41.515669
5	60	41.074480
5	61	40.393472
5	62	39.954576
5	63	39.301727
5	64	38.866041
5	65	38.239531
5	66	37.807855
5	67	37.206033
5	68	36.779057
5	69	36.200420
5	70	35.778737
5	71	35.221916
5	72	34.806029
5	73	34.269775
5	74	33.860110
5	75	33.343278
5	76	32.940191
5	77	32.441731
5	78	32.045514
5	79	31.564462
5	80	31.175351
5	81	30.710819
5	82	30.329001
5	83	29.880172
5	84	29.505787
5	85	29.071903
5	86	28.705056
5	87	28.285417
5	88	27.926176
5	89	27.520132
5	90	27.168536
5	91	26.775482
5	92	26.431542
5	93	26.050917
5	94	25.714622
5	95	25.345900
5	96	25.017219
5	97	24.659909
5	98	24.338793
5	99	23.992435
5	100	23.678820
5	101	23.342984
5	102	23.036793
5	103	22.711073
5	104	22.412217
5	105	22.096231
5	106	21.804613
5	107	21.498002
5	108	21.213516
5	109	20.915939
5	110	20.638473
5	111	20.349610
5	112	20.079045
5	113	19.798591
5	114	19.534806
5	115	19.262470
5	116	19.005339
5	117	18.740848
5	118	18.490243
5	119	18.233333
5	120	17.989123
5	121	17.739547
5	122	17.501601
5	123	17.259120
5	124	17.027304
5	125	16.791691
5	126	16.565873
5	127	16.336910
5	128	16.116958
5	129	15.894436
5	130	15.680217
5	131	15.463937
5	132	15.255320
5	133	15.045090
5	134	14.841944
5	135	14.637581
5	136	14.439777
5	137	14.241103
5	138	14.048513
5	139	13.855358
5	140	13.667856
5	141	13.480057
5	142	13.297519
5	143	13.114917
5	144	12.937220
5	145	12.759663
5	146	12.586688
5	147	12.414029
5	148	12.245657
5	149	12.077754
5	150	11.913869
5	151	11.750585
5	152	11.591074
5	153	11.432276
5	154	11.277027
5	155	11.122587
5	156	10.971491
5	157	10.821285
5	158	10.674235
5	159	10.528143
5	160	10.385035
5	161	10.242941
5	162	10.103671
5	163	9.965463
5	164	9.829932
5	165	9.695500
5	166	9.563611
5	167	9.432850
5	168	9.304506
5	169	9.177313
5	170	9.052423
5	171	8.928699
5	172	8.807169
5	173	8.686818
5	174	8.568562
5	175	8.451489
5	176	8.336419
5	177	8.222534
5	178	8.110566
5	179	7.999782
5	180	7.890833
5	181	7.783063
5	182	7.677054
5	183	7.572215
5	184	7.469066
5	185	7.367078
5	186	7.266714
5	187	7.167498
5	188	7.069844
5	189	6.973325
5	190	6.878309
5	191	6.784412
5	192	6.691962
5	193	6.600616
5	194	6.510665
5	195	6.421799
5	196	6.334279
5	197	6.247826
5	198	6.162672
5	199	6.078567
6	0	100.000000
6	1	100.000000
6	2	100.000000
6	3	100.000000
6	4	100.000000
6	5	100.000000
6	6	98.437500
6	7	98.437500
6	8	96.093750
6	9	96.093750
6	10	93.457031
6	11	93.457031
6	12	90.771484
6	13	90.759277
6	14	88.140869
6	15	88.101196
6	16	85.601807
6	17	85.522461
6	18	83.161926
6	19	83.035469
6	20	80.817604
6	21	80.640936
6	22	78.561687
6	23	78.334963
6	24	76.386631
6	25	76.112178
6	26	74.285616
6	27	73.967070
6	28	72.252837
6	29	71.894517
6	30	70.283455
6	31	69.889943
6	32	68.373458
6	33	67.949329
6	34	66.519500
6	35	66.069154
6	36	64.718760
6	37	64.246331
6	38	62.968830
6	39	62.478137
6	40	61.267619
6	41	60.762147
6	42	59.613285
6	43	59.096188
6	44	58.004179
6	45	57.478289
6	46	56.438806
6	47	55.906654
6	48	54.915792
6	49	54.379627
6	50	53.433861
6	51	52.895672
6	52	51.991815
6	53	51.453354
6	54	50.588522
6	55	50.051326
6	56	49.222902
6	57	48.688315
6	58	47.893924
6	59	47.363115
6	60	46.600597
6	61	46.074575
6	62	45.341963
6	63	44.821597
6	64	44.117096
6	65	43.603132
6	66	42.925101
6	67	42.418168
6	68	41.765105
6	69	41.265735
6	70	40.636264
6	71	40.144897
6	72	39.537754
6	73	39.054753
6	74	38.468773
6	75	37.994431
6	76	37.428542
6	77	36.963088
6	78	36.416299
6	79	35.959910
6	80	35.431305
6	81	34.984107
6	82	34.472837
6	83	34.034915
6	84	33.540192
6	85	33.111593
6	86	32.632684
6	87	32.213423
6	88	31.749645
6	89	31.339707
6	90	30.890423
6	91	30.489771
6	92	30.054383
6	93	29.662957
6	94	29.240908
6	95	28.858629
6	96	28.449394
6	97	28.076168
6	98	27.679254
6	99	27.314974
6	100	26.929917
6	101	26.574462
6	102	26.200824
6	103	25.854066
6	104	25.491434
6	105	25.153235
6	106	24.801218
6	107	24.471434
6	108	24.129661
6	109	23.808143
6	110	23.476261
6	111	23.162856
6	112	22.840531
6	113	22.535081
6	114	22.221994
6	115	21.924341
6	116	21.620189
6	117	21.330172
6	118	21.034665
6	119	20.752122
6	120	20.464983
6	121	20.189751
6	122	19.910715
6	123	19.642634
6	124	19.371447
6	125	19.110354
6	126	18.846774
6	127	18.592509
6	128	18.336301
6	129	18.088706
6	130	17.839646
6	131	17.598562
6	132	17.356436
6	133	17.121708
6	134	16.886307
6	135	16.657781
6	136	16.428906
6	137	16.206430
6	138	15.983888
6	139	15.767314
6	140	15.550921
6	141	15.340101
6	142	15.129676
6	143	14.924468
6	144	14.719839
6	145	14.520100
6	146	14.321099
6	147	14.126691
6	148	13.933158
6	149	13.743944
6	150	13.555723
6	151	13.371571
6	152	13.188509
6	153	13.009288
6	154	12.831241
6	155	12.656824
6	156	12.483648
6	157	12.313911
6	158	12.145470
6	159	11.980290
6	160	11.816452
6	161	11.655709
6	162	11.496345
6	163	11.339924
6	164	11.184908
6	165	11.032695
6	166	10.881907
6	167	10.733792
6	168	10.587113
6	169	10.442987
6	170	10.300305
6	171	10.160062
6	172	10.021265
6	173	9.884802
6	174	9.749784
6	175	9.617001
6	176	9.485656
6	177	9.356456
6	178	9.228684
6	179	9.102970
6	180	8.978672
6	181	8.856352
6	182	8.735433
6	183	8.616416
6	184	8.498783
6	185	8.382981
6	186	8.268544
6	187	8.155870
6	188	8.044542
6	189	7.934913
6	190	7.826608
6	191	7.719942
6	192	7.614577
6	193	7.510795
6	194	7.408291
6	195	7.307314
6	196	7.207592
6	197	7.109347
6	198	7.012331
6	199	6.916742
7	0	100.000000
7	1	100.000000
7	2	100.000000
7	3	100.000000
7	4	100.000000
7	5	100.000000
7	6	100.000000
7	7	99.218750
7	8	99.218750
7	9	97.851562
7	10	97.851562
7	11	96.142578
7	12	96.118164
7	13	94.238281
7	14	94.165039
7	15	92.221069
7	16	92.083740
7	17	90.139771
7	18	89.932251
7	19	88.025665
7	20	87.748432
7	21	85.900211
7	22	85.557747
7	23	83.778834
7	24	83.377707
7	25	81.672916
7	26	81.220518
7	27	79.590938
7	28	79.094722
7	29	77.539214
7	30	77.006267
7	31	75.522394
7	32	74.959222
7	33	73.543836
7	34	72.956286
7	35	71.605894
7	36	70.999147
7	37	69.710139
7	38	69.088737
7	39	67.857532
7	40	67.225437
7	41	66.048564
7	42	65.409210
7	43	64.283361
7	44	63.639719
7	45	62.561770
7	46	61.916401
7	47	60.883429
7	48	60.238534
7	49	59.247813
7	50	58.605278
7	51	57.654279
7	52	57.015719
7	53	56.102096
7	54	55.468887
7	55	54.590472
7	56	53.963781
7	57	53.118570
7	58	52.499383
7	59	51.685524
7	60	51.074669
7	61	50.290453
7	62	49.688619
7	63	48.932466
7	64	48.340222
7	65	47.610670
7	66	47.028480
7	67	46.324177
7	68	45.752412
7	69	45.072108
7	70	44.511058
7	71	43.853592
7	72	43.303477
7	73	42.667772
7	74	42.128751
7	75	41.513806
7	76	40.985985
7	77	40.390868
7	78	39.874306
7	79	39.298149
7	80	38.792863
7	81	38.234855
7	82	37.740829
7	83	37.200213
7	84	36.717399
7	85	36.193465
7	86	35.721789
7	87	35.213872
7	88	34.753239
7	89	34.260713
7	90	33.811006
7	91	33.333284
7	92	32.894372
7	93	32.430898
7	94	32.002636
7	95	31.552887
7	96	31.135118
7	97	30.698599
7	98	30.291155
7	99	29.867398
7	100	29.470104
7	101	29.058664
7	102	28.671339
7	103	28.271796
7	104	27.894254
7	105	27.506205
7	106	27.138256
7	107	26.761320
7	108	26.402770
7	109	26.036583
7	110	25.687239
7	111	25.331451
7	112	24.991117
7	113	24.645398
7	114	24.313877
7	115	23.977909
7	116	23.655005
7	117	23.328482
7	118	23.014001
7	119	22.696632
7	120	22.390379
7	121	22.081883
7	122	21.783667
7	123	21.483775
7	124	21.193405
7	125	20.901857
7	126	20.619145
7	127	20.335693
7	128	20.060454
7	129	19.784857
7	130	19.516908
7	131	19.248935
7	132	18.988095
7	133	18.727523
7	134	18.473617
7	135	18.220230
7	136	17.973083
7	137	17.726674
7	138	17.486116
7	139	17.246483
7	140	17.012346
7	141	16.779296
7	142	16.551417
7	143	16.324761
7	144	16.102979
7	145	15.882536
7	146	15.666694
7	147	15.452287
7	148	15.242232
7	149	15.033692
7	150	14.829272
7	151	14.626434
7	152	14.427503
7	153	14.230206
7	154	14.036621
7	155	13.844710
7	156	13.656330
7	157	13.469656
7	158	13.286345
7	159	13.104760
7	160	12.926384
7	161	12.749749
7	162	12.576177
7	163	12.404353
7	164	12.235459
7	165	12.068314
7	166	11.903972
7	167	11.741377
7	168	11.581467
7	169	11.423296
7	170	11.267701
7	171	11.113831
7	172	10.962435
7	173	10.812750
7	174	10.665441
7	175	10.519824
7	176	10.376493
7	177	10.234833
7	178	10.095374
7	179	9.957563
7	180	9.821871
7	181	9.687804
7	182	9.555779
7	183	9.425352
7	184	9.296896
7	185	9.170010
7	186	9.045026
7	187	8.921585
7	188	8.799981
7	189	8.679890
7	190	8.561574
7	191	8.444743
7	192	8.329627
7	193	8.215965
7	194	8.103964
7	195	7.993386
7	196	7.884414
7	197	7.776836
7	198	7.670813
7	199	7.566152
8	0	100.000000
8	1	100.000000
8	2	100.000000
8	3	100.000000
8	4	100.000000
8	5	100.000000
8	6	100.000000
8	7	100.000000
8	8	99.609375
8	9	99.609375
8	10	98.828125
8	11	98.779297
8	12	97.705078
8	13	97.570801
8	14	96.301270
8	15	96.066284
8	16	94.677734
8	17	94.342041
8	18	92.889404
8	19	92.461395
8	20	90.982819
8	21	90.474558
8	22	88.995981
8	23	88.420451
8	24	86.959201
8	25	86.328858
8	26	84.896260
8	27	84.222375
8	28	82.825592
8	29	82.118016
8	30	80.761333
8	31	80.028500
8	32	78.714214
8	33	77.963244
8	34	76.692288
8	35	75.929139
8	36	74.701517
8	37	73.931143
8	38	72.746234
8	39	71.972737
8	40	70.829508
8	41	70.056274
8	42	68.953437
8	43	68.183251
8	44	67.119362
8	45	66.354513
8	46	65.328053
8	47	64.570413
8	48	63.579834
8	49	62.830930
8	50	61.874696
8	51	61.135766
8	52	60.212377
8	53	59.484420
8	54	58.592423
8	55	57.876236
8	56	57.014238
8	57	56.310450
8	58	55.477124
8	59	54.786224
8	60	53.980309
8	61	53.302664
8	62	52.522969
8	63	51.858847
8	64	51.104244
8	65	50.453828
8	66	49.723254
8	67	49.086657
8	68	48.379111
8	69	47.756381
8	70	47.070919
8	71	46.462057
8	72	45.797790
8	73	45.202750
8	74	44.558839
8	75	43.977540
8	76	43.353195
8	77	42.785523
8	78	42.179998
8	79	41.625816
8	80	41.038405
8	81	40.497551
8	82	39.927589
8	83	39.399883
8	84	38.846738
8	85	38.331986
8	86	37.795060
8	87	37.293055
8	88	36.771781
8	89	36.282306
8	90	35.776145
8	91	35.298974
8	92	34.807413
8	93	34.342315
8	94	33.864867
8	95	33.411606
8	96	32.947804
8	97	32.506141
8	98	32.055542
8	99	31.625233
8	100	31.187412
8	101	30.768217
8	102	30.342768
8	103	29.934442
8	104	29.520976
8	105	29.123276
8	106	28.721421
8	107	28.334106
8	108	27.943504
8	109	27.566334
8	110	27.186642
8	111	26.819378
8	112	26.450266
8	113	26.092673
8	114	25.733823
8	115	25.385669
8	116	25.036775
8	117	24.697830
8	118	24.358599
8	119	24.028637
8	120	23.698784
8	121	23.377583
8	122	23.056834
8	123	22.744175
8	124	22.432267
8	125	22.127936
8	126	21.824612
8	127	21.528398
8	128	21.233412
8	129	20.945109
8	130	20.658223
8	131	20.377628
8	132	20.098610
8	133	19.825526
8	134	19.554153
8	135	19.288386
8	136	19.024442
8	137	18.765802
8	138	18.509077
8	139	18.257379
8	140	18.007671
8	141	17.762733
8	142	17.519845
8	143	17.281490
8	144	17.045233
8	145	16.813288
8	146	16.583475
8	147	16.357773
8	148	16.134226
8	149	15.914600
8	150	15.697144
8	151	15.483435
8	152	15.271902
8	153	15.063953
8	154	14.858179
8	155	14.655837
8	156	14.455663
8	157	14.258779
8	158	14.064050
8	159	13.872478
8	160	13.683046
8	161	13.496644
8	162	13.312362
8	163	13.130993
8	164	12.951720
8	165	12.775249
8	166	12.600847
8	167	12.429143
8	168	12.259479
8	169	12.092415
8	170	11.927358
8	171	11.764809
8	172	11.604235
8	173	11.446079
8	174	11.289864
8	175	11.135985
8	176	10.984010
8	177	10.834292
8	178	10.686442
8	179	10.540773
8	180	10.396935
8	181	10.255206
8	182	10.115270
8	183	9.977375
8	184	9.841236
8	185	9.707072
8	186	9.574626
8	187	9.444092
8	188	9.315238
8	189	9.188236
8	190	9.062878
8	191	8.939313
8	192	8.817353
8	193	8.697133
8	194	8.578481
8	195	8.461514
8	196	8.346079
8	197	8.232279
8	198	8.119973
8	199	8.009254
9	0	100.000000
9	1	100.000000
9	2	100.000000
9	3	100.000000
9	4	100.000000
9	5	100.000000
9	6	100.000000
9	7	100.000000
9	8	100.000000
9	9	99.804688
9	10	99.707031
9	11	99.267578
9	12	99.023438
9	13	98.364258
9	14	97.967529
9	15	97.134399
9	16	96.600342
9	17	95.639038
9	18	94.990540
9	19	93.939972
9	20	93.200684
9	21	92.091751
9	22	91.283154
9	23	90.139568
9	24	89.280009
9	25	88.119605
9	26	87.224232
9	27	86.060246
9	28	85.141310
9	29	83.983451
9	30	83.050734
9	31	81.906033
9	32	80.967267
9	33	79.840740
9	34	78.901992
9	35	77.797140
9	36	76.863140
9	37	75.782328
9	38	74.856736
9	39	73.801485
9	40	72.887111
9	41	71.858309
9	42	70.957292
9	43	69.955364
9	44	69.069308
9	45	68.094335
9	46	67.224424
9	47	66.276238
9	48	65.423326
9	49	64.501580
9	50	63.666255
9	51	62.770476
9	52	61.953121
9	53	61.082749
9	54	60.283585
9	55	59.438004
9	56	58.657120
9	57	57.835679
9	58	57.073065
9	59	56.275095
9	60	55.530659
9	61	54.755484
9	62	54.029074
9	63	53.276021
9	64	52.567434
9	65	51.835839
9	66	51.144833
9	67	50.434044
9	68	49.760350
9	69	49.069731
9	70	48.413056
9	71	47.741988
9	72	47.102022
9	73	46.449906
9	74	45.826328
9	75	45.192583
9	76	44.585061
9	77	43.969128
9	78	43.377326
9	79	42.778662
9	80	42.202239
9	81	41.620322
9	82	41.058936
9	83	40.493263
9	84	39.946573
9	85	39.396655
9	86	38.864320
9	87	38.329690
9	88	37.811373
9	89	37.291577
9	90	36.786941
9	91	36.281543
9	92	35.790258
9	93	35.298836
9	94	34.820576
9	95	34.342721
9	96	33.877164
9	97	33.412484
9	98	32.959312
9	99	32.507427
9	100	32.066330
9	101	31.626871
9	102	31.197544
9	103	30.770156
9	104	30.352299
9	105	29.936637
9	106	29.529957
9	107	29.125689
9	108	28.729898
9	109	28.336701
9	110	27.951518
9	111	27.569080
9	112	27.194229
9	113	26.822247
9	114	26.457460
9	115	26.095641
9	116	25.740655
9	117	25.388715
9	118	25.043272
9	119	24.700935
9	120	24.364786
9	121	24.031785
9	122	23.704684
9	123	23.380759
9	124	23.062467
9	125	22.747367
9	126	22.437651
9	127	22.131132
9	128	21.829765
9	129	21.531589
9	130	21.238349
9	131	20.948286
9	132	20.662957
9	133	20.380784
9	134	20.103155
9	135	19.828654
9	136	19.558520
9	137	19.291481
9	138	19.028641
9	139	18.768859
9	140	18.513119
9	141	18.260395
9	142	18.011564
9	143	17.765705
9	144	17.523598
9	145	17.284415
9	146	17.048852
9	147	16.816164
9	148	16.586968
9	149	16.360597
9	150	16.137599
9	151	15.917371
9	152	15.700403
9	153	15.486153
9	154	15.275053
9	155	15.066616
9	156	14.861227
9	157	14.658445
9	158	14.458612
9	159	14.261331
9	160	14.066905
9	161	13.874975
9	162	13.685810
9	163	13.499086
9	164	13.315040
9	165	13.133380
9	166	12.954314
9	167	12.777580
9	168	12.603362
9	169	12.431420
9	170	12.261917
9	171	12.094638
9	172	11.929723
9	173	11.766979
9	174	11.606529
9	175	11.448197
9	176	11.292091
9	177	11.138051
9	178	10.986171
9	179	10.836307
9	180	10.688540
9	181	10.542737
9	182	10.398971
9	183	10.257121
9	184	10.117248
9	185	9.979242
9	186	9.843157
9	187	9.708892
9	188	9.576492
9	189	9.445865
9	190	9.317051
9	191	9.189964
9	192	9.064638
9	193	8.940996
9	194	8.819064
9	195	8.698772
9	196	8.580143
9	197	8.463111
9	198	8.347695
9	199	8.233834
10	0	100.000000
10	1	100.000000
10	2	100.000000
10	3	100.000000
10	4	100.000000
10	5	100.000000
10	6	100.000000
10	7	100.000000
10	8	100.000000
10	9	99.804688
10	10	99.707031
10	11	99.267578
10	12	99.023438
10	13	98.364258
10	14	97.967529
10	15	97.134399
10	16	96.600342
10	17	95.639038
10	18	94.990540
10	19	93.939972
10	20	93.200684
10	21	92.091751
10	22	91.283154
10	23	90.139568
10	24	89.280009
10	25	88.119605
10	26	87.224232
10	27	86.060246
10	28	85.141310
10	29	83.983451
10	30	83.050734
10	31	81.906033
10	32	80.967267
10	33	79.840740
10	34	78.901992
10	35	77.797140
10	36	76.863140
10	37	75.782328
10	38	74.856736
10	39	73.801485
10	40	72.887111
10	41	71.858309
10	42	70.957292
10	43	69.955364
10	44	69.069308
10	45	68.094335
10	46	67.224424
10	47	66.276238
10	48	65.423326
10	49	64.501580
10	50	63.666255
10	51	62.770476
10	52	61.953121
10	53	61.082749
10	54	60.283585
10	55	59.438004
10	56	58.657120
10	57	57.835679
10	58	57.073065
10	59	56.275095
10	60	55.530659
10	61	54.755484
10	62	54.029074
10	63	53.276021
10	64	52.567434
10	65	51.835839
10	66	51.144833
10	67	50.434044
10	68	49.760350
10	69	49.069731
10	70	48.413056
10	71	47.741988
10	72	47.102022
10	73	46.449906
10	74	45.826328
10	75	45.192583
10	76	44.585061
10	77	43.969128
10	78	43.377326
10	79	42.778662
10	80	42.202239
10	81	41.620322
10	82	41.058936
10	83	40.493263
10	84	39.946573
10	85	39.396655
10	86	38.864320
10	87	38.329690
10	88	37.811373
10	89	37.291577
10	90	36.786941
10	91	36.281543
10	92	35.790258
10	93	35.298836
10	94	34.820576
10	95	34.342721
10	96	33.877164
10	97	33.412484
10	98	32.959312
10	99	32.507427
10	100	32.066330
10	101	31.626871
10	102	31.197544
10	103	30.770156
10	104	30.352299
10	105	29.936637
10	106	29.529957
10	107	29.125689
10	108	28.729898
10	109	28.336701
10	110	27.951518
10	111	27.569080
10	112	27.194229
10	113	26.822247
10	114	26.457460
10	115	26.095641
10	116	25.740655
10	117	25.388715
10	118	25.043272
10	119	24.700935
10	120	24.364786
10	121	24.031785
10	122	23.704684
10	123	23.380759
10	124	23.062467
10	125	22.747367
10	126	22.437651
10	127	22.131132
10	128	21.829765
10	129	21.531589
10	130	21.238349
10	131	20.948286
10	132	20.662957
10	133	20.380784
10	134	20.103155
10	135	19.828654
10	136	19.558520
10	137	19.291481
10	138	19.028641
10	139	18.768859
10	140	18.513119
10	141	18.260395
10	142	18.011564
10	143	17.765705
10	144	17.523598
10	145	17.284415
10	146	17.048852
10	147	16.816164
10	148	16.586968
10	149	16.360597
10	150	16.137599
10	151	15.917371
10	152	15.700403
10	153	15.486153
10	154	15.275053
10	155	15.066616
10	156	14.861227
10	157	14.658445
10	158	14.458612
10	159	14.261331
10	160	14.066905
10	161	13.874975
10	162	13.685810
10	163	13.499086
10	164	13.315040
10	165	13.133380
10	166	12.954314
10	167	12.777580
10	168	12.603362
10	169	12.431420
10	170	12.261917
10	171	12.094638
10	172	11.929723
10	173	11.766979
10	174	11.606529
10	175	11.448197
10	176	11.292091
10	177	11.138051
10	178	10.986171
10	179	10.836307
10	180	10.688540
10	181	10.542737
10	182	10.398971
10	183	10.257121
10	184	10.117248
10	185	9.979242
10	186	9.843157
10	187	9.708892
10	188	9.576492
10	189	9.445865
10	190	9.317051
10	191	9.189964
10	192	9.064638
10	193	8.940996
10	194	8.819064
10	195	8.698772
10	196	8.580143
10	197	8.463111
10	198	8.347695
10	199	8.233834
11	0	100.000000
11	1	100.000000
11	2	100.000000
11	3	100.000000
11	4	100.000000
11	5	100.000000
11	6	100.000000
11	7	100.000000
11	8	99.609375
11	9	99.609375
11	10	98.828125
11	11	98.779297
11	12	97.705078
11	13	97.570801
11	14	96.301270
11	15	96.066284
11	16	94.677734
11	17	94.342041
11	18	92.889404
11	19	92.461395
11	20	90.982819
11	21	90.474558
11	22	88.995981
11	23	88.420451
11	24	86.959201
11	25	86.328858
11	26	84.896260
11	27	84.222375
11	28	82.825592
11	29	82.118016
11	30	80.761333
11	31	80.028500
11	32	78.714214
11	33	77.963244
11	34	76.692288
11	35	75.929139
11	36	74.701517
11	37	73.931143
11	38	72.746234
11	39	71.972737
11	40	70.829508
11	41	70.056274
11	42	68.953437
11	43	68.183251
11	44	67.119362
11	45	66.354513
11	46	65.328053
11	47	64.570413
11	48	63.579834
11	49	62.830930
11	50	61.874696
11	51	61.135766
11	52	60.212377
11	53	59.484420
11	54	58.592423
11	55	57.876236
11	56	57.014238
11	57	56.310450
11	58	55.477124
11	59	54.786224
11	60	53.980309
11	61	53.302664
11	62	52.522969
11	63	51.858847
11	64	51.104244
11	65	50.453828
11	66	49.723254
11	67	49.086657
11	68	48.379111
11	69	47.756381
11	70	47.070919
11	71	46.462057
11	72	45.797790
11	73	45.202750
11	74	44.558839
11	75	43.977540
11	76	43.353195
11	77	42.785523
11	78	42.179998
11	79	41.625816
11	80	41.038405
11	81	40.497551
11	82	39.927589
11	83	39.399883
11	84	38.846738
11	85	38.331986
11	86	37.795060
11	87	37.293055
11	88	36.771781
11	89	36.282306
11	90	35.776145
11	91	35.298974
11	92	34.807413
11	93	34.342315
11	94	33.864867
11	95	33.411606
11	96	32.947804
11	97	32.506141
11	98	32.055542
11	99	31.625233
11	100	31.187412
11	101	30.768217
11	102	30.342768
11	103	29.934442
11	104	29.520976
11	105	29.123276
11	106	28.721421
11	107	28.334106
11	108	27.943504
11	109	27.566334
11	110	27.186642
11	111	26.819378
11	112	26.450266
11	113	26.092673
11	114	25.733823
11	115	25.385669
11	116	25.036775
11	117	24.697830
11	118	24.358599
11	119	24.028637
11	120	23.698784
11	121	23.377583
11	122	23.056834
11	123	22.744175
11	124	22.432267
11	125	22.127936
11	126	21.824612
11	127	21.528398
11	128	21.233412
11	129	20.945109
11	130	20.658223
11	131	20.377628
11	132	20.098610
11	133	19.825526
11	134	19.554153
11	135	19.288386
11	136	19.024442
11	137	18.765802
11	138	18.509077
11	139	18.257379
11	140	18.007671
11	141	17.762733
11	142	17.519845
11	143	17.281490
11	144	17.045233
11	145	16.813288
11	146	16.583475
11	147	16.357773
11	148	16.134226
11	149	15.914600
11	150	15.697144
11	151	15.483435
11	152	15.271902
11	153	15.063953
11	154	14.858179
11	155	14.655837
11	156	14.455663
11	157	14.258779
11	158	14.064050
11	159	13.872478
11	160	13.683046
11	161	13.496644
11	162	13.312362
11	163	13.130993
11	164	12.951720
11	165	12.775249
11	166	12.600847
11	167	12.429143
11	168	12.259479
11	169	12.092415
11	170	11.927358
11	171	11.764809
11	172	11.604235
11	173	11.446079
11	174	11.289864
11	175	11.135985
11	176	10.984010
11	177	10.834292
11	178	10.686442
11	179	10.540773
11	180	10.396935
11	181	10.255206
11	182	10.115270
11	183	9.977375
11	184	9.841236
11	185	9.707072
11	186	9.574626
11	187	9.444092
11	188	9.315238
11	189	9.188236
11	190	9.062878
11	191	8.939313
11	192	8.817353
11	193	8.697133
11	194	8.578481
11	195	8.461514
11	196	8.346079
11	197	8.232279
11	198	8.119973
11	199	8.009254
12	0	100.000000
12	1	100.000000
12	2	100.000000
12	3	100.000000
12	4	100.000000
12	5	100.000000
12	6	100.000000
12	7	99.218750
12	8	99.218750
12	9	97.851562
12	10	97.851562
12	11	96.142578
12	12	96.118164
12	13	94.238281
12	14	94.165039
12	15	92.221069
12	16	92.083740
12	17	90.139771
12	18	89.932251
12	19	88.025665
12	20	87.748432
12	21	85.900211
12	22	85.557747
12	23	83.778834
12	24	83.377707
12	25	81.672916
12	26	81.220518
12	27	79.590938
12	28	79.094722
12	29	77.539214
12	30	77.006267
12	31	75.522394
12	32	74.959222
12	33	73.543836
12	34	72.956286
12	35	71.605894
12	36	70.999147
12	37	69.710139
12	38	69.088737
12	39	67.857532
12	40	67.225437
12	41	66.048564
12	42	65.409210
12	43	64.283361
12	44	63.639719
12	45	62.561770
12	46	61.916401
12	47	60.883429
12	48	60.238534
12	49	59.247813
12	50	58.605278
12	51	57.654279
12	52	57.015719
12	53	56.102096
12	54	55.468887
12	55	54.590472
12	56	53.963781
12	57	53.118570
12	58	52.499383
12	59	51.685524
12	60	51.074669
12	61	50.290453
12	62	49.688619
12	63	48.932466
12	64	48.340222
12	65	47.610670
12	66	47.028480
12	67	46.324177
12	68	45.752412
12	69	45.072108
12	70	44.511058
12	71	43.853592
12	72	43.303477
12	73	42.667772
12	74	42.128751
12	75	41.513806
12	76	40.985985
12	77	40.390868
12	78	39.874306
12	79	39.298149
12	80	38.792863
12	81	38.234855
12	82	37.740829
12	83	37.200213
12	84	36.717399
12	85	36.193465
12	86	35.721789
12	87	35.213872
12	88	34.753239
12	89	34.260713
12	90	33.811006
12	91	33.333284
12	92	32.894372
12	93	32.430898
12	94	32.002636
12	95	31.552887
12	96	31.135118
12	97	30.698599
12	98	30.291155
12	99	29.867398
12	100	29.470104
12	101	29.058664
12	102	28.671339
12	103	28.271796
12	104	27.894254
12	105	27.506205
12	106	27.138256
12	107	26.761320
12	108	26.402770
12	109	26.036583
12	110	25.687239
12	111	25.331451
12	112	24.991117
12	113	24.645398
12	114	24.313877
12	115	23.977909
12	116	23.655005
12	117	23.328482
12	118	23.014001
12	119	22.696632
12	120	22.390379
12	121	22.081883
12	122	21.783667
12	123	21.483775
12	124	21.193405
12	125	20.901857
12	126	20.619145
12	127	20.335693
12	128	20.060454
12	129	19.784857
12	130	19.516908
12	131	19.248935
12	132	18.988095
12	133	18.727523
12	134	18.473617
12	135	18.220230
12	136	17.973083
12	137	17.726674
12	138	17.486116
12	139	17.246483
12	140	17.012346
12	141	16.779296
12	142	16.551417
12	143	16.324761
12	144	16.102979
12	145	15.882536
12	146	15.666694
12	147	15.452287
12	148	15.242232
12	149	15.033692
12	150	14.829272
12	151	14.626434
12	152	14.427503
12	153	14.230206
12	154	14.036621
12	155	13.844710
12	156	13.656330
12	157	13.469656
12	158	13.286345
12	159	13.104760
12	160	12.926384
12	161	12.749749
12	162	12.576177
12	163	12.404353
12	164	12.235459
12	165	12.068314
12	166	11.903972
12	167	11.741377
12	168	11.581467
12	169	11.423296
12	170	11.267701
12	171	11.113831
12	172	10.962435
12	173	10.812750
12	174	10.665441
12	175	10.519824
12	176	10.376493
12	177	10.234833
12	178	10.095374
12	179	9.957563
12	180	9.821871
12	181	9.687804
12	182	9.555779
12	183	9.425352
12	184	9.296896
12	185	9.170010
12	186	9.045026
12	187	8.921585
12	188	8.799981
12	189	8.679890
12	190	8.561574
12	191	8.444743
12	192	8.329627
12	193	8.215965
12	194	8.103964
12	195	7.993386
12	196	7.884414
12	197	7.776836
12	198	7.670813
12	199	7.566152
13	0	100.000000
13	1	100.000000
13	2	100.000000
13	3	100.000000
13	4	100.000000
13	5	100.000000
13	6	98.437500
13	7	98.437500
13	8	96.093750
13	9	96.093750
13	10	93.457031
13	11	93.457031
13	12	90.771484
13	13	90.759277
13	14	88.140869
13	15	88.101196
13	16	85.601807
13	17	85.522461
13	18	83.161926
13	19	83.035469
13	20	80.817604
13	21	80.640936
13	22	78.561687
13	23	78.334963
13	24	76.386631
13	25	76.112178
13	26	74.285616
13	27	73.967070
13	28	72.252837
13	29	71.894517
13	30	70.283455
13	31	69.889943
13	32	68.373458
13	33	67.949329
13	34	66.519500
13	35	66.069154
13	36	64.718760
13	37	64.246331
13	38	62.968830
13	39	62.478137
13	40	61.267619
13	41	60.762147
13	42	59.613285
13	43	59.096188
13	44	58.004179
13	45	57.478289
13	46	56.438806
13	47	55.906654
13	48	54.915792
13	49	54.379627
13	50	53.433861
13	51	52.895672
13	52	51.991815
13	53	51.453354
13	54	50.588522
13	55	50.051326
13	56	49.222902
13	57	48.688315
13	58	47.893924
13	59	47.363115
13	60	46.600597
13	61	46.074575
13	62	45.341963
13	63	44.821597
13	64	44.117096
13	65	43.603132
13	66	42.925101
13	67	42.418168
13	68	41.765105
13	69	41.265735
13	70	40.636264
13	71	40.144897
13	72	39.537754
13	73	39.054753
13	74	38.468773
13	75	37.994431
13	76	37.428542
13	77	36.963088
13	78	36.416299
13	79	35.959910
13	80	35.431305
13	81	34.984107
13	82	34.472837
13	83	34.034915
13	84	33.540192
13	85	33.111593
13	86	32.632684
13	87	32.213423
13	88	31.749645
13	89	31.339707
13	90	30.890423
13	91	30.489771
13	92	30.054383
13	93	29.662957
13	94	29.240908
13	95	28.858629
13	96	28.449394
13	97	28.076168
13	98	27.679254
13	99	27.314974
13	100	26.929917
13	101	26.574462
13	102	26.200824
13	103	25.854066
13	104	25.491434
13	105	25.153235
13	106	24.801218
13	107	24.471434
13	108	24.129661
13	109	23.808143
13	110	23.476261
13	111	23.162856
13	112	22.840531
13	113	22.535081
13	114	22.221994
13	115	21.924341
13	116	21.620189
13	117	21.330172
13	118	21.034665
13	119	20.752122
13	120	20.464983
13	121	20.189751
13	122	19.910715
13	123	19.642634
13	124	19.371447
13	125	19.110354
13	126	18.846774
13	127	18.592509
13	128	18.336301
13	129	18.088706
13	130	17.839646
13	131	17.598562
13	132	17.356436
13	133	17.121708
13	134	16.886307
13	135	16.657781
13	136	16.428906
13	137	16.206430
13	138	15.983888
13	139	15.767314
13	140	15.550921
13	141	15.340101
13	142	15.129676
13	143	14.924468
13	144	14.719839
13	145	14.520100
13	146	14.321099
13	147	14.126691
13	148	13.933158
13	149	13.743944
13	150	13.555723
13	151	13.371571
13	152	13.188509
13	153	13.009288
13	154	12.831241
13	155	12.656824
13	156	12.483648
13	157	12.313911
13	158	12.145470
13	159	11.980290
13	160	11.816452
13	161	11.655709
13	162	11.496345
13	163	11.339924
13	164	11.184908
13	165	11.032695
13	166	10.881907
13	167	10.733792
13	168	10.587113
13	169	10.442987
13	170	10.300305
13	171	10.160062
13	172	10.021265
13	173	9.884802
13	174	9.749784
13	175	9.617001
13	176	9.485656
13	177	9.356456
13	178	9.228684
13	179	9.102970
13	180	8.978672
13	181	8.856352
13	182	8.735433
13	183	8.616416
13	184	8.498783
13	185	8.382981
13	186	8.268544
13	187	8.155870
13	188	8.044542
13	189	7.934913
13	190	7.826608
13	191	7.719942
13	192	7.614577
13	193	7.510795
13	194	7.408291
13	195	7.307314
13	196	7.207592
13	197	7.109347
13	198	7.012331
13	199	6.916742
14	0	100.000000
14	1	100.000000
14	2	100.000000
14	3	100.000000
14	4	100.000000
14	5	96.875000
14	6	96.875000
14	7	92.968750
14	8	92.968750
14	9	89.062500
14	10	89.062500
14	11	85.400391
14	12	85.400391
14	13	82.043457
14	14	82.037354
14	15	78.982544
14	16	78.961182
14	17	76.184082
14	18	76.138687
14	19	73.609543
14	20	73.533440
14	21	71.223164
14	22	71.112180
14	23	68.994427
14	24	68.846649
14	25	66.898316
14	26	66.713622
14	27	64.914735
14	28	64.694311
14	29	63.027696
14	30	62.773620
14	31	61.224522
14	32	60.939435
14	33	59.495164
14	34	59.182021
14	35	57.831627
14	36	57.493516
14	37	56.227522
14	38	55.867537
14	39	54.677706
14	40	54.298858
14	41	53.178005
14	42	52.783165
14	43	51.724997
14	44	51.316859
14	45	50.315841
14	46	49.896907
14	47	48.948155
14	48	48.520721
14	49	47.619910
14	50	47.186065
14	51	46.329352
14	52	45.890989
14	53	45.074947
14	54	44.633765
14	55	43.855332
14	56	43.412850
14	57	42.669279
14	58	42.226846
14	59	41.515669
14	60	41.074480
14	61	40.393472
14	62	39.954576
14	63	39.301727
14	64	38.866041
14	65	38.239531
14	66	37.807855
14	67	37.206033
14	68	36.779057
14	69	36.200420
14	70	35.778737
14	71	35.221916
14	72	34.806029
14	73	34.269775
14	74	33.860110
14	75	33.343278
14	76	32.940191
14	77	32.441731
14	78	32.045514
14	79	31.564462
14	80	31.175351
14	81	30.710819
14	82	30.329001
14	83	29.880172
14	84	29.505787
14	85	29.071903
14	86	28.705056
14	87	28.285417
14	88	27.926176
14	89	27.520132
14	90	27.168536
14	91	26.775482
14	92	26.431542
14	93	26.050917
14	94	25.714622
14	95	25.345900
14	96	25.017219
14	97	24.659909
14	98	24.338793
14	99	23.992435
14	100	23.678820
14	101	23.342984
14	102	23.036793
14	103	22.711073
14	104	22.412217
14	105	22.096231
14	106	21.804613
14	107	21.498002
14	108	21.213516
14	109	20.915939
14	110	20.638473
14	111	20.349610
14	112	20.079045
14	113	19.798591
14	114	19.534806
14	115	19.262470
14	116	19.005339
14	117	18.740848
14	118	18.490243
14	119	18.233333
14	120	17.989123
14	121	17.739547
14	122	17.501601
14	123	17.259120
14	124	17.027304
14	125	16.791691
14	126	16.565873
14	127	16.336910
14	128	16.116958
14	129	15.894436
14	130	15.680217
14	131	15.463937
14	132	15.255320
14	133	15.045090
14	134	14.841944
14	135	14.637581
14	136	14.439777
14	137	14.241103
14	138	14.048513
14	139	13.855358
14	140	13.667856
14	141	13.480057
14	142	13.297519
14	143	13.114917
14	144	12.937220
14	145	12.759663
14	146	12.586688
14	147	12.414029
14	148	12.245657
14	149	12.077754
14	150	11.913869
14	151	11.750585
14	152	11.591074
14	153	11.432276
14	154	11.277027
14	155	11.122587
14	156	10.971491
14	157	10.821285
14	158	10.674235
14	159	10.528143
14	160	10.385035
14	161	10.242941
14	162	10.103671
14	163	9.965463
14	164	9.829932
14	165	9.695500
14	166	9.563611
14	167	9.432850
14	168	9.304506
14	169	9.177313
14	170	9.052423
14	171	8.928699
14	172	8.807169
14	173	8.686818
14	174	8.568562
14	175	8.451489
14	176	8.336419
14	177	8.222534
14	178	8.110566
14	179	7.999782
14	180	7.890833
14	181	7.783063
14	182	7.677054
14	183	7.572215
14	184	7.469066
14	185	7.367078
14	186	7.266714
14	187	7.167498
14	188	7.069844
14	189	6.973325
14	190	6.878309
14	191	6.784412
14	192	6.691962
14	193	6.600616
14	194	6.510665
14	195	6.421799
14	196	6.334279
14	197	6.247826
14	198	6.162672
14	199	6.078567
15	0	100.000000
15	1	100.000000
15	2	100.000000
15	3	100.000000
15	4	93.750000
15	5	93.750000
15	6	87.500000
15	7	87.500000
15	8	82.031250
15	9	82.031250
15	10	77.343750
15	11	77.343750
15	12	73.315430
15	13	73.315430
15	14	69.824219
15	15	69.821167
15	16	66.766357
15	17	66.754913
15	18	64.057159
15	19	64.031410
15	20	61.628723
15	21	61.583424
15	22	59.427166
15	23	59.358335
15	24	57.410002
15	25	57.315066
15	26	55.543855
15	27	55.421553
15	28	53.802555
15	29	53.652723
15	30	52.165589
15	31	51.988927
15	32	50.616869
15	33	50.414713
15	34	49.143754
15	35	48.917878
15	36	47.736284
15	37	47.488742
15	38	46.386582
15	39	46.119578
15	40	45.088392
15	41	44.804182
15	42	43.836709
15	43	43.537531
15	44	42.627504
15	45	42.315525
15	46	41.457505
15	47	41.134787
15	48	40.324027
15	49	39.992503
15	50	39.224842
15	51	38.886306
15	52	38.158079
15	53	37.814176
15	54	37.122142
15	55	36.774373
15	56	36.115656
15	57	35.765377
15	58	35.137414
15	59	34.785846
15	60	34.186347
15	61	33.834577
15	62	33.261491
15	63	32.910485
15	64	32.361967
15	65	32.012579
15	66	31.486966
15	67	31.139947
15	68	30.635735
15	69	30.291738
15	70	29.807568
15	71	29.467161
15	72	29.001795
15	73	28.665468
15	74	28.217782
15	75	27.885951
15	76	27.454919
15	77	27.127939
15	78	26.712624
15	79	26.390792
15	80	25.990334
15	81	25.673895
15	82	25.287506
15	83	24.976659
15	84	24.603614
15	85	24.298519
15	86	23.938150
15	87	23.638929
15	88	23.290620
15	89	22.997364
15	90	22.660542
15	91	22.373313
15	92	22.047451
15	93	21.766287
15	94	21.450892
15	95	21.175809
15	96	20.870424
15	97	20.601418
15	98	20.305617
15	99	20.042667
15	100	19.756052
15	101	19.499123
15	102	19.221321
15	103	18.970367
15	104	18.701028
15	105	18.455990
15	106	18.194786
15	107	17.955597
15	108	17.702218
15	109	17.468803
15	110	17.222959
15	111	16.995235
15	112	16.756651
15	113	16.534531
15	114	16.302946
15	115	16.086337
15	116	15.861506
15	117	15.650313
15	118	15.432002
15	119	15.226125
15	120	15.014112
15	121	14.813450
15	122	14.607524
15	123	14.411975
15	124	14.211934
15	125	14.021392
15	126	13.827046
15	127	13.641406
15	128	13.452571
15	129	13.271728
15	130	13.088228
15	131	12.912077
15	132	12.733745
15	133	12.562181
15	134	12.388855
15	135	12.221773
15	136	12.053300
15	137	11.890596
15	138	11.726828
15	139	11.568398
15	140	11.409193
15	141	11.254936
15	142	11.100157
15	143	10.949973
15	144	10.799487
15	145	10.653276
15	146	10.506958
15	147	10.364623
15	148	10.222349
15	149	10.083794
15	150	9.945447
15	151	9.810577
15	152	9.676042
15	153	9.544765
15	154	9.413933
15	155	9.286158
15	156	9.158921
15	157	9.034559
15	158	8.910816
15	159	8.789779
15	160	8.669430
15	161	8.551633
15	162	8.434581
15	163	8.319941
15	164	8.206093
15	165	8.094527
15	166	7.983793
15	167	7.875221
15	168	7.767513
15	169	7.661858
15	170	7.557092
15	171	7.454277
15	172	7.352371
15	173	7.252321
15	174	7.153194
15	175	7.055837
15	176	6.959412
15	177	6.864677
15	178	6.770880
15	179	6.678696
15	180	6.587454
15	181	6.497755
15	182	6.408996
15	183	6.321716
15	184	6.235373
15	185	6.150447
15	186	6.066453
15	187	5.983818
15	188	5.902109
15	189	5.821705
15	190	5.742216
15	191	5.663983
15	192	5.586655
15	193	5.510535
15	194	5.435308
15	195	5.361244
15	196	5.288060
15	197	5.215998
15	198	5.144802
15	199	5.074687
16	0	100.000000
16	1	100.000000
16	2	100.000000
16	3	87.500000
16	4	87.500000
16	5	78.125000
16	6	78.125000
16	7	71.093750
16	8	71.093750
16	9	65.625000
16	10	65.625000
16	11	61.230469
16	12	61.230469
16	13	57.604980
16	14	57.604980
16	15	54.550171
16	16	54.548645
16	17	51.930237
16	18	51.924133
16	19	49.647903
16	20	49.633408
16	21	47.631168
16	22	47.604489
16	23	45.825577
16	24	45.783484
16	25	44.189394
16	26	44.129483
16	27	42.690374
16	28	42.611135
16	29	41.303482
16	30	41.204235
16	31	40.009216
16	32	39.889991
16	33	38.792344
16	34	38.653736
16	35	37.640940
16	36	37.483968
16	37	36.545643
16	38	36.371620
16	39	35.499077
16	40	35.309507
16	41	34.495412
16	42	34.291897
16	43	33.530011
16	44	33.314191
16	45	32.599169
16	46	32.372667
16	47	31.699899
16	48	31.464286
16	49	30.829775
16	50	30.586547
16	51	29.986805
16	52	29.737363
16	53	29.169337
16	54	28.914981
16	55	28.375979
16	56	28.117905
16	57	27.605550
16	58	27.344845
16	59	26.857025
16	60	26.594673
16	61	26.129509
16	62	25.866394
16	63	25.422207
16	64	25.159117
16	65	24.734400
16	66	24.472038
16	67	24.065437
16	68	23.804420
16	69	23.414716
16	70	23.155586
16	71	22.781675
16	72	22.524906
16	73	22.165789
16	74	21.911792
16	75	21.566561
16	76	21.315688
16	77	20.983517
16	78	20.736070
16	79	20.416206
16	80	20.172438
16	81	19.864192
16	82	19.624318
16	83	19.327057
16	84	19.091251
16	85	18.804397
16	86	18.572803
16	87	18.295822
16	88	18.068551
16	89	17.800952
16	90	17.578091
16	91	17.319420
16	92	17.101032
16	93	16.850868
16	94	16.636995
16	95	16.394949
16	96	16.185616
16	97	15.951325
16	98	15.746541
16	99	15.519668
16	100	15.319427
16	101	15.099658
16	102	14.903942
16	103	14.690983
16	104	14.499764
16	105	14.293340
16	106	14.106581
16	107	13.906434
16	108	13.724090
16	109	13.529978
16	110	13.351997
16	111	13.163691
16	112	12.990016
16	113	12.807301
16	114	12.637869
16	115	12.460542
16	116	12.295287
16	117	12.123156
16	118	11.962008
16	119	11.794891
16	120	11.637777
16	121	11.475501
16	122	11.322348
16	123	11.164749
16	124	11.015480
16	125	10.862401
16	126	10.716939
16	127	10.568232
16	128	10.426499
16	129	10.282020
16	130	10.143938
16	131	10.003553
16	132	9.869042
16	133	9.732620
16	134	9.601601
16	135	9.469020
16	136	9.341415
16	137	9.212553
16	138	9.088283
16	139	8.963028
16	140	8.842016
16	141	8.720257
16	142	8.602427
16	143	8.484058
16	144	8.369333
16	145	8.254253
16	146	8.142558
16	147	8.030670
16	148	7.921931
16	149	7.813140
16	150	7.707285
16	151	7.601499
16	152	7.498456
16	153	7.395590
16	154	7.295289
16	155	7.195256
16	156	7.097628
16	157	7.000347
16	158	6.905324
16	159	6.810716
16	160	6.718232
16	161	6.626221
16	162	6.536210
16	163	6.446722
16	164	6.359121
16	165	6.272085
16	166	6.186831
16	167	6.102177
16	168	6.019210
16	169	5.936871
16	170	5.856132
16	171	5.776043
16	172	5.697472
16	173	5.619570
16	174	5.543112
16	175	5.467336
16	176	5.392934
16	177	5.319225
16	178	5.246826
16	179	5.175126
16	180	5.104676
16	181	5.034930
16	182	4.966379
16	183	4.898531
16	184	4.831828
16	185	4.765828
16	186	4.700923
16	187	4.636719
16	188	4.573565
16	189	4.511107
16	190	4.449657
16	191	4.388898
16	192	4.329107
16	193	4.269999
16	194	4.211823
16	195	4.154322
16	196	4.097717
16	197	4.041778
16	198	3.986702
16	199	3.932282
17	0	100.000000
17	1	100.000000
17	2	75.000000
17	3	75.000000
17	4	62.500000
17	5	62.500000
17	6	54.687500
17	7	54.687500
17	8	49.218750
17	9	49.218750
17	10	45.117188
17	11	45.117188
17	12	41.894531
17	13	41.894531
17	14	39.276123
17	15	39.276123
17	16	37.094116
17	17	37.093353
17	18	35.238647
17	19	35.235405
17	20	33.633614
17	21	33.625555
17	22	32.223988
17	23	32.208633
17	24	30.968785
17	25	30.943900
17	26	29.836893
17	27	29.800717
17	28	28.804410
17	29	28.755747
17	30	27.852844
17	31	27.791054
17	32	26.967819
17	33	26.892759
17	34	26.138127
17	35	26.050058
17	36	25.355002
17	37	25.254498
17	38	24.611572
17	39	24.499435
17	40	23.902432
17	41	23.779612
17	42	23.223314
17	43	23.090852
17	44	22.570834
17	45	22.429808
17	46	21.942293
17	47	21.793786
17	48	21.335523
17	49	21.180590
17	50	20.748768
17	51	20.588421
17	52	20.180595
17	53	20.015787
17	54	19.629817
17	55	19.461437
17	56	19.095444
17	57	18.924312
17	58	18.576636
17	59	18.403500
17	60	18.072672
17	61	17.898212
17	62	17.582923
17	63	17.407750
17	64	17.106834
17	65	16.931496
17	66	16.643909
17	67	16.468893
17	68	16.193696
17	69	16.019433
17	70	15.755782
17	71	15.582651
17	72	15.329783
17	73	15.158116
17	74	14.915340
17	75	14.745425
17	76	14.512116
17	77	14.344200
17	78	14.119788
17	79	13.954085
17	80	13.738050
17	81	13.574740
17	82	13.366608
17	83	13.205844
17	84	13.005181
17	85	12.847087
17	86	12.653494
17	87	12.498173
17	88	12.311285
17	89	12.158819
17	90	11.978297
17	91	11.828750
17	92	11.654284
17	93	11.507704
17	94	11.339005
17	95	11.195424
17	96	11.032225
17	97	10.891664
17	98	10.733719
17	99	10.596186
17	100	10.443264
17	101	10.308760
17	102	10.160645
17	103	10.029161
17	104	9.885653
17	105	9.757172
17	106	9.618083
17	107	9.492584
17	108	9.357738
17	109	9.235191
17	110	9.104424
17	111	8.984796
17	112	8.857951
17	113	8.741207
17	114	8.618138
17	115	8.504236
17	116	8.384806
17	117	8.273702
17	118	8.157779
17	119	8.049429
17	120	7.936890
17	121	7.831246
17	122	7.721973
17	123	7.618986
17	124	7.512868
17	125	7.412486
17	126	7.309417
17	127	7.211591
17	128	7.111470
17	129	7.016147
17	130	6.918878
17	131	6.826006
17	132	6.731496
17	133	6.641022
17	134	6.549184
17	135	6.461056
17	136	6.371806
17	137	6.285971
17	138	6.199228
17	139	6.115635
17	140	6.031321
17	141	5.949917
17	142	5.867959
17	143	5.788692
17	144	5.709019
17	145	5.631839
17	146	5.554381
17	147	5.479239
17	148	5.403930
17	149	5.330775
17	150	5.257552
17	151	5.186336
17	152	5.115138
17	153	5.045812
17	154	4.976579
17	155	4.909097
17	156	4.841773
17	157	4.776088
17	158	4.710617
17	159	4.646684
17	160	4.583012
17	161	4.520787
17	162	4.458864
17	163	4.398302
17	164	4.338077
17	165	4.279136
17	166	4.220562
17	167	4.163200
17	168	4.106229
17	169	4.050405
17	170	3.994993
17	171	3.940667
17	172	3.886770
17	173	3.833903
17	174	3.781477
17	175	3.730032
17	176	3.679037
17	177	3.628975
17	178	3.579372
17	179	3.530657
17	180	3.482406
17	181	3.435002
17	182	3.388066
17	183	3.341940
17	184	3.296282
17	185	3.251399
17	186	3.206984
17	187	3.163311
17	188	3.120105
17	189	3.077610
17	190	3.035580
17	191	2.994231
17	192	2.953344
17	193	2.913111
17	194	2.873336
17	195	2.834189
17	196	2.795495
17	197	2.757406
17	198	2.719763
17	199	2.682702
18	0	100.000000
18	1	50.000000
18	2	50.000000
18	3	37.500000
18	4	37.500000
18	5	31.250000
18	6	31.250000
18	7	27.343750
18	8	27.343750
18	9	24.609375
18	10	24.609375
18	11	22.558594
18	12	22.558594
18	13	20.947266
18	14	20.947266
18	15	19.638062
18	16	19.638062
18	17	18.547058
18	18	18.546677
18	19	17.619324
18	20	17.617702
18	21	16.816807
18	22	16.812778
18	23	16.111994
18	24	16.104317
18	25	15.484393
18	26	15.471950
18	27	14.918447
18	28	14.900358
18	29	14.402205
18	30	14.377873
18	31	13.926422
18	32	13.895527
18	33	13.483910
18	34	13.446379
18	35	13.069063
18	36	13.025029
18	37	12.677501
18	38	12.627249
18	39	12.305786
18	40	12.249717
18	41	11.951216
18	42	11.889806
18	43	11.611657
18	44	11.545426
18	45	11.285417
18	46	11.214904
18	47	10.971146
18	48	10.896893
18	49	10.667761
18	50	10.590295
18	51	10.374384
18	52	10.294210
18	53	10.090297
18	54	10.007893
18	55	9.814909
18	56	9.730719
18	57	9.547722
18	58	9.462156
18	59	9.288318
18	60	9.201750
18	61	9.036336
18	62	8.949106
18	63	8.791461
18	64	8.703875
18	65	8.553417
18	66	8.465748
18	67	8.321954
18	68	8.234446
18	69	8.096848
18	70	8.009717
18	71	7.877891
18	72	7.791326
18	73	7.664891
18	74	7.579058
18	75	7.457670
18	76	7.372712
18	77	7.256058
18	78	7.172100
18	79	7.059894
18	80	6.977042
18	81	6.869025
18	82	6.787370
18	83	6.683304
18	84	6.602922
18	85	6.502590
18	86	6.423543
18	87	6.326747
18	88	6.249087
18	89	6.155642
18	90	6.079409
18	91	5.989149
18	92	5.914375
18	93	5.827142
18	94	5.753852
18	95	5.669502
18	96	5.597712
18	97	5.516113
18	98	5.445832
18	99	5.366859
18	100	5.298093
18	101	5.221632
18	102	5.154380
18	103	5.080322
18	104	5.014580
18	105	4.942826
18	106	4.878586
18	107	4.809042
18	108	4.746292
18	109	4.678869
18	110	4.617596
18	111	4.552212
18	112	4.492398
18	113	4.428976
18	114	4.370603
18	115	4.309069
18	116	4.252118
18	117	4.192403
18	118	4.136851
18	119	4.078890
18	120	4.024715
18	121	3.968445
18	122	3.915623
18	123	3.860987
18	124	3.809493
18	125	3.756434
18	126	3.706243
18	127	3.654709
18	128	3.605796
18	129	3.555735
18	130	3.508074
18	131	3.459439
18	132	3.413003
18	133	3.365748
18	134	3.320511
18	135	3.274592
18	136	3.230528
18	137	3.185903
18	138	3.142986
18	139	3.099614
18	140	3.057817
18	141	3.015661
18	142	2.974958
18	143	2.933979
18	144	2.894346
18	145	2.854509
18	146	2.815920
18	147	2.777191
18	148	2.739619
18	149	2.701965
18	150	2.665388
18	151	2.628776
18	152	2.593168
18	153	2.557569
18	154	2.522906
18	155	2.488290
18	156	2.454549
18	157	2.420886
18	158	2.388044
18	159	2.355308
18	160	2.323342
18	161	2.291506
18	162	2.260393
18	163	2.229432
18	164	2.199151
18	165	2.169039
18	166	2.139568
18	167	2.110281
18	168	2.081600
18	169	2.053114
18	170	2.025203
18	171	1.997496
18	172	1.970334
18	173	1.943385
18	174	1.916951
18	175	1.890739
18	176	1.865016
18	177	1.839519
18	178	1.814488
18	179	1.789686
18	180	1.765328
18	181	1.741203
18	182	1.717501
18	183	1.694033
18	184	1.670970
18	185	1.648141
18	186	1.625699
18	187	1.603492
18	188	1.581656
18	189	1.560053
18	190	1.538805
18	191	1.517790
18	192	1.497116
18	193	1.476672
18	194	1.456556
18	195	1.436668
18	196	1.417095
18	197	1.397747
18	198	1.378703
18	199	1.359881
19	0	0.000000
19	1	0.000000
19	2	0.000000
19	3	0.000000
19	4	0.000000
19	5	0.000000
19	6	0.000000
19	7	0.000000
19	8	0.000000
19	9	0.000000
19	10	0.000000
19	11	0.000000
19	12	0.000000
19	13	0.000000
19	14	0.000000
19	15	0.000000
19	16	0.000000
19	17	0.000000
19	18	0.000000
19	19	0.000000
19	20	0.000000
19	21	0.000000
19	22	0.000000
19	23	0.000000
19	24	0.000000
19	25	0.000000
19	26	0.000000
19	27	0.000000
19	28	0.000000
19	29	0.000000
19	30	0.000000
19	31	0.000000
19	32	0.000000
19	33	0.000000
19	34	0.000000
19	35	0.000000
19	36	0.000000
19	37	0.000000
19	38	0.000000
19	39	0.000000
19	40	0.000000
19	41	0.000000
19	42	0.000000
19	43	0.000000
19	44	0.000000
19	45	0.000000
19	46	0.000000
19	47	0.000000
19	48	0.000000
19	49	0.000000
19	50	0.000000
19	51	0.000000
19	52	0.000000
19	53	0.000000
19	54	0.000000
19	55	0.000000
19	56	0.000000
19	57	0.000000
19	58	0.000000
19	59	0.000000
19	60	0.000000
19	61	0.000000
19	62	0.000000
19	63	0.000000
19	64	0.000000
19	65	0.000000
19	66	0.000000
19	67	0.000000
19	68	0.000000
19	69	0.000000
19	70	0.000000
19	71	0.000000
19	72	0.000000
19	73	0.000000
19	74	0.000000
19	75	0.000000
19	76	0.000000
19	77	0.000000
19	78	0.000000
19	79	0.000000
19	80	0.000000
19	81	0.000000
19	82	0.000000
19	83	0.000000
19	84	0.000000
19	85	0.000000
19	86	0.000000
19	87	0.000000
19	88	0.000000
19	89	0.000000
19	90	0.000000
19	91	0.000000
19	92	0.000000
19	93	0.000000
19	94	0.000000
19	95	0.000000
19	96	0.000000
19	97	0.000000
19	98	0.000000
19	99	0.000000
19	100	0.000000
19	101	0.000000
19	102	0.000000
19	103	0.000000
19	104	0.000000
19	105	0.000000
19	106	0.000000
19	107	0.000000
19	108	0.000000
19	109	0.000000
19	110	0.000000
19	111	0.000000
19	112	0.000000
19	113	0.000000
19	114	0.000000
19	115	0.000000
19	116	0.000000
19	117	0.000000
19	118	0.000000
19	119	0.000000
19	120	0.000000
19	121	0.000000
19	122	0.000000
19	123	0.000000
19	124	0.000000
19	125	0.000000
19	126	0.000000
19	127	0.000000
19	128	0.000000
19	129	0.000000
19	130	0.000000
19	131	0.000000
19	132	0.000000
19	133	0.000000
19	134	0.000000
19	135	0.000000
19	136	0.000000
19	137	0.000000
19	138	0.000000
19	139	0.000000
19	140	0.000000
19	141	0.000000
19	142	0.000000
19	143	0.000000
19	144	0.000000
19	145	0.000000
19	146	0.000000
19	147	0.000000
19	148	0.000000
19	149	0.000000
19	150	0.000000
19	151	0.000000
19	152	0.000000
19	153	0.000000
19	154	0.000000
19	155	0.000000
19	156	0.000000
19	157	0.000000
19	158	0.000000
19	159	0.000000
19	160	0.000000
19	161	0.000000
19	162	0.000000
19	163	0.000000
19	164	0.000000
19	165	0.000000
19	166	0.000000
19	167	0.000000
19	168	0.000000
19	169	0.000000
19	170	0.000000
19	171	0.000000
19	172	0.000000
19	173	0.000000
19	174	0.000000
19	175	0.000000
19	176	0.000000
19	177	0.000000
19	178	0.000000
19	179	0.000000
19	180	0.000000
19	181	0.000000
19	182	0.000000
19	183	0.000000
19	184	0.000000
19	185	0.000000
19	186	0.000000
19	187	0.000000
19	188	0.000000
19	189	0.000000
19	190	0.000000
19	191	0.000000
19	192	0.000000
19	193	0.000000
19	194	0.000000
19	195	0.000000
19	196	0.000000
19	197	0.000000
19	198	0.000000
19	199	0.000000
