t	x	v
0.000000	1.000000	-0.010000
0.010000	0.999900	-0.020000
0.020000	0.999700	-0.029999
0.030000	0.999400	-0.039996
0.040000	0.999000	-0.049990
0.050000	0.998500	-0.059980
0.060000	0.997900	-0.069965
0.070000	0.997201	-0.079944
0.080000	0.996401	-0.089916
0.090000	0.995502	-0.099880
0.100000	0.994503	-0.109835
0.110000	0.993405	-0.119780
0.120000	0.992207	-0.129714
0.130000	0.990910	-0.139636
0.140000	0.989514	-0.149545
0.150000	0.988018	-0.159440
0.160000	0.986424	-0.169321
0.170000	0.984731	-0.179185
0.180000	0.982939	-0.189032
0.190000	0.981048	-0.198862
0.200000	0.979060	-0.208672
0.210000	0.976973	-0.218463
0.220000	0.974788	-0.228232
0.230000	0.972506	-0.237980
0.240000	0.970126	-0.247705
0.250000	0.967649	-0.257407
0.260000	0.965075	-0.267083
0.270000	0.962404	-0.276734
0.280000	0.959637	-0.286358
0.290000	0.956773	-0.295954
0.300000	0.953814	-0.305522
0.310000	0.950759	-0.315060
0.320000	0.947608	-0.324568
0.330000	0.944362	-0.334044
0.340000	0.941022	-0.343487
0.350000	0.937587	-0.352898
0.360000	0.934058	-0.362273
0.370000	0.930435	-0.371614
0.380000	0.926719	-0.380918
0.390000	0.922910	-0.390186
0.400000	0.919008	-0.399415
0.410000	0.915014	-0.408605
0.420000	0.910928	-0.417755
0.430000	0.906750	-0.426864
0.440000	0.902482	-0.435932
0.450000	0.898123	-0.444957
0.460000	0.893673	-0.453938
0.470000	0.889134	-0.462874
0.480000	0.884505	-0.471766
0.490000	0.879787	-0.480611
0.500000	0.874981	-0.489409
0.510000	0.870087	-0.498159
0.520000	0.865105	-0.506859
0.530000	0.860037	-0.515510
0.540000	0.854882	-0.524111
0.550000	0.849641	-0.532660
0.560000	0.844314	-0.541156
0.570000	0.838902	-0.549599
0.580000	0.833406	-0.557988
0.590000	0.827827	-0.566322
0.600000	0.822163	-0.574601
0.610000	0.816417	-0.582822
0.620000	0.810589	-0.590986
0.630000	0.804679	-0.599092
0.640000	0.798688	-0.607139
0.650000	0.792617	-0.615126
0.660000	0.786466	-0.623052
0.670000	0.780235	-0.630917
0.680000	0.773926	-0.638719
0.690000	0.767539	-0.646458
0.700000	0.761074	-0.654134
0.710000	0.754533	-0.661745
0.720000	0.747915	-0.669290
0.730000	0.741223	-0.676769
0.740000	0.734455	-0.684181
0.750000	0.727613	-0.691526
0.760000	0.720698	-0.698802
0.770000	0.713710	-0.706009
0.780000	0.706650	-0.713146
0.790000	0.699518	-0.720212
0.800000	0.692316	-0.727208
0.810000	0.685044	-0.734131
0.820000	0.677703	-0.740981
0.830000	0.670293	-0.747758
0.840000	0.662815	-0.754461
0.850000	0.655271	-0.761089
0.860000	0.647660	-0.767642
0.870000	0.639983	-0.774119
0.880000	0.632242	-0.780518
0.890000	0.624437	-0.786841
0.900000	0.616569	-0.793085
0.910000	0.608638	-0.799251
0.920000	0.600645	-0.805337
0.930000	0.592592	-0.811344
0.940000	0.584478	-0.817270
0.950000	0.576306	-0.823115
0.960000	0.568075	-0.828878
0.970000	0.559786	-0.834558
0.980000	0.551440	-0.840156
0.990000	0.543039	-0.845671
1.000000	0.534582	-0.851101
1.010000	0.526071	-0.856447
1.020000	0.517506	-0.861707
1.030000	0.508889	-0.866883
1.040000	0.500221	-0.871971
1.050000	0.491501	-0.876974
1.060000	0.482731	-0.881889
1.070000	0.473912	-0.886716
1.080000	0.465045	-0.891455
1.090000	0.456131	-0.896106
1.100000	0.447169	-0.900667
1.110000	0.438163	-0.905139
1.120000	0.429111	-0.909520
1.130000	0.420016	-0.913811
1.140000	0.410878	-0.918011
1.150000	0.401698	-0.922120
1.160000	0.392477	-0.926137
1.170000	0.383215	-0.930062
1.180000	0.373915	-0.933894
1.190000	0.364576	-0.937633
1.200000	0.355199	-0.941279
1.210000	0.345787	-0.944831
1.220000	0.336338	-0.948289
1.230000	0.326856	-0.951652
1.240000	0.317339	-0.954921
1.250000	0.307790	-0.958094
1.260000	0.298209	-0.961172
1.270000	0.288597	-0.964154
1.280000	0.278956	-0.967040
1.290000	0.269285	-0.969830
1.300000	0.259587	-0.972523
1.310000	0.249862	-0.975118
1.320000	0.240110	-0.977617
1.330000	0.230334	-0.980018
1.340000	0.220534	-0.982322
1.350000	0.210711	-0.984527
1.360000	0.200866	-0.986634
1.370000	0.190999	-0.988643
1.380000	0.181113	-0.990553
1.390000	0.171207	-0.992364
1.400000	0.161284	-0.994076
1.410000	0.151343	-0.995689
1.420000	0.141386	-0.997202
1.430000	0.131414	-0.998616
1.440000	0.121428	-0.999930
1.450000	0.111429	-1.001144
1.460000	0.101417	-1.002259
1.470000	0.091395	-1.003273
1.480000	0.081362	-1.004187
1.490000	0.071320	-1.005000
1.500000	0.061270	-1.005714
1.510000	0.051213	-1.006326
1.520000	0.041150	-1.006838
1.530000	0.031081	-1.007250
1.540000	0.021009	-1.007561
1.550000	0.010933	-1.007771
1.560000	0.000855	-1.007880
1.570000	-0.009223	-1.007889
1.580000	-0.019302	-1.007796
1.590000	-0.029380	-1.007603
1.600000	-0.039456	-1.007310
1.610000	-0.049529	-1.006915
1.620000	-0.059599	-1.006420
1.630000	-0.069663	-1.005824
1.640000	-0.079721	-1.005127
1.650000	-0.089772	-1.004330
1.660000	-0.099816	-1.003432
1.670000	-0.109850	-1.002434
1.680000	-0.119874	-1.001336
1.690000	-0.129888	-1.000137
1.700000	-0.139889	-0.998838
1.710000	-0.149877	-0.997439
1.720000	-0.159852	-0.995940
1.730000	-0.169811	-0.994342
1.740000	-0.179755	-0.992644
1.750000	-0.189681	-0.990846
1.760000	-0.199589	-0.988949
1.770000	-0.209479	-0.986953
1.780000	-0.219348	-0.984859
1.790000	-0.229197	-0.982665
1.800000	-0.239024	-0.980373
1.810000	-0.248827	-0.977983
1.820000	-0.258607	-0.975495
1.830000	-0.268362	-0.972909
1.840000	-0.278091	-0.970225
1.850000	-0.287794	-0.967444
1.860000	-0.297468	-0.964566
1.870000	-0.307114	-0.961591
1.880000	-0.316730	-0.958520
1.890000	-0.326315	-0.955353
1.900000	-0.335868	-0.952090
1.910000	-0.345389	-0.948731
1.920000	-0.354877	-0.945277
1.930000	-0.364329	-0.941729
1.940000	-0.373747	-0.938085
1.950000	-0.383127	-0.934348
1.960000	-0.392471	-0.930516
1.970000	-0.401776	-0.926592
1.980000	-0.411042	-0.922574
1.990000	-0.420268	-0.918464
2.000000	-0.429452	-0.914261
2.010000	-0.438595	-0.909966
2.020000	-0.447695	-0.905580
2.030000	-0.456750	-0.901103
2.040000	-0.465761	-0.896536
2.050000	-0.474727	-0.891878
2.060000	-0.483646	-0.887131
2.070000	-0.492517	-0.882295
2.080000	-0.501340	-0.877369
2.090000	-0.510114	-0.872356
2.100000	-0.518837	-0.867255
2.110000	-0.527510	-0.862067
2.120000	-0.536130	-0.856791
2.130000	-0.544698	-0.851430
2.140000	-0.553213	-0.845983
2.150000	-0.561672	-0.840451
2.160000	-0.570077	-0.834834
2.170000	-0.578425	-0.829134
2.180000	-0.586717	-0.823349
2.190000	-0.594950	-0.817482
2.200000	-0.603125	-0.811533
2.210000	-0.611240	-0.805501
2.220000	-0.619295	-0.799389
2.230000	-0.627289	-0.793196
2.240000	-0.635221	-0.786923
2.250000	-0.643090	-0.780571
2.260000	-0.650896	-0.774140
2.270000	-0.658637	-0.767631
2.280000	-0.666314	-0.761045
2.290000	-0.673924	-0.754382
2.300000	-0.681468	-0.747642
2.310000	-0.688944	-0.740828
2.320000	-0.696353	-0.733938
2.330000	-0.703692	-0.726975
2.340000	-0.710962	-0.719938
2.350000	-0.718161	-0.712828
2.360000	-0.725290	-0.705647
2.370000	-0.732346	-0.698394
2.380000	-0.739330	-0.691070
2.390000	-0.746241	-0.683677
2.400000	-0.753077	-0.676214
2.410000	-0.759840	-0.668684
2.420000	-0.766526	-0.661085
2.430000	-0.773137	-0.653420
2.440000	-0.779671	-0.645689
2.450000	-0.786128	-0.637892
2.460000	-0.792507	-0.630031
2.470000	-0.798808	-0.622106
2.480000	-0.805029	-0.614117
2.490000	-0.811170	-0.606067
2.500000	-0.817230	-0.597956
2.510000	-0.823210	-0.589783
2.520000	-0.829108	-0.581551
2.530000	-0.834923	-0.573260
2.540000	-0.840656	-0.564911
2.550000	-0.846305	-0.556504
2.560000	-0.851870	-0.548041
2.570000	-0.857350	-0.539522
2.580000	-0.862746	-0.530949
2.590000	-0.868055	-0.522322
2.600000	-0.873278	-0.513641
2.610000	-0.878415	-0.504908
2.620000	-0.883464	-0.496124
2.630000	-0.888425	-0.487289
2.640000	-0.893298	-0.478405
2.650000	-0.898082	-0.469472
2.660000	-0.902777	-0.460491
2.670000	-0.907382	-0.451464
2.680000	-0.911896	-0.442390
2.690000	-0.916320	-0.433271
2.700000	-0.920653	-0.424108
2.710000	-0.924894	-0.414901
2.720000	-0.929043	-0.405652
2.730000	-0.933100	-0.396362
2.740000	-0.937063	-0.387031
2.750000	-0.940934	-0.377660
2.760000	-0.944710	-0.368251
2.770000	-0.948393	-0.358804
2.780000	-0.951981	-0.349320
2.790000	-0.955474	-0.339800
2.800000	-0.958872	-0.330245
2.810000	-0.962174	-0.320656
2.820000	-0.965381	-0.311035
2.830000	-0.968491	-0.301381
2.840000	-0.971505	-0.291696
2.850000	-0.974422	-0.281981
2.860000	-0.977242	-0.272237
2.870000	-0.979964	-0.262464
2.880000	-0.982589	-0.252665
2.890000	-0.985115	-0.242839
2.900000	-0.987544	-0.232988
2.910000	-0.989874	-0.223112
2.920000	-0.992105	-0.213213
2.930000	-0.994237	-0.203292
2.940000	-0.996270	-0.193350
2.950000	-0.998203	-0.183387
2.960000	-1.000037	-0.173405
2.970000	-1.001771	-0.163405
2.980000	-1.003405	-0.153387
2.990000	-1.004939	-0.143353
3.000000	-1.006373	-0.133304
3.010000	-1.007706	-0.123240
3.020000	-1.008938	-0.113163
3.030000	-1.010070	-0.103074
3.040000	-1.011101	-0.092973
3.050000	-1.012030	-0.082862
3.060000	-1.012859	-0.072742
3.070000	-1.013586	-0.062613
3.080000	-1.014212	-0.052477
3.090000	-1.014737	-0.042335
3.100000	-1.015161	-0.032188
3.110000	-1.015482	-0.022036
3.120000	-1.015703	-0.011881
3.130000	-1.015822	-0.001724
3.140000	-1.015839	0.008434
3.150000	-1.015755	0.018592
3.160000	-1.015569	0.028750
3.170000	-1.015281	0.038906
3.180000	-1.014892	0.049058
3.190000	-1.014401	0.059207
3.200000	-1.013809	0.069351
3.210000	-1.013116	0.079490
3.220000	-1.012321	0.089621
3.230000	-1.011425	0.099744
3.240000	-1.010427	0.109858
3.250000	-1.009329	0.119962
3.260000	-1.008129	0.130056
3.270000	-1.006829	0.140137
3.280000	-1.005427	0.150205
3.290000	-1.003925	0.160260
3.300000	-1.002323	0.170299
3.310000	-1.000620	0.180322
3.320000	-0.998816	0.190328
3.330000	-0.996913	0.200316
3.340000	-0.994910	0.210286
3.350000	-0.992807	0.220235
3.360000	-0.990605	0.230163
3.370000	-0.988303	0.240069
3.380000	-0.985902	0.249952
3.390000	-0.983403	0.259811
3.400000	-0.980805	0.269645
3.410000	-0.978108	0.279453
3.420000	-0.975314	0.289234
3.430000	-0.972421	0.298987
3.440000	-0.969432	0.308711
3.450000	-0.966344	0.318406
3.460000	-0.963160	0.328069
3.470000	-0.959880	0.337701
3.480000	-0.956503	0.347299
3.490000	-0.953030	0.356864
3.500000	-0.949461	0.366395
3.510000	-0.945797	0.375889
3.520000	-0.942038	0.385347
3.530000	-0.938185	0.394768
3.540000	-0.934237	0.404150
3.550000	-0.930196	0.413492
3.560000	-0.926061	0.422794
3.570000	-0.921833	0.432055
3.580000	-0.917512	0.441273
3.590000	-0.913099	0.450448
3.600000	-0.908595	0.459579
3.610000	-0.903999	0.468665
3.620000	-0.899313	0.477705
3.630000	-0.894535	0.486698
3.640000	-0.889669	0.495643
3.650000	-0.884712	0.504540
3.660000	-0.879667	0.513387
3.670000	-0.874533	0.522184
3.680000	-0.869311	0.530929
3.690000	-0.864002	0.539622
3.700000	-0.858605	0.548262
3.710000	-0.853123	0.556848
3.720000	-0.847554	0.565380
3.730000	-0.841901	0.573855
3.740000	-0.836162	0.582274
3.750000	-0.830339	0.590636
3.760000	-0.824433	0.598939
3.770000	-0.818444	0.607183
3.780000	-0.812372	0.615368
3.790000	-0.806218	0.623492
3.800000	-0.799983	0.631554
3.810000	-0.793668	0.639554
3.820000	-0.787272	0.647490
3.830000	-0.780797	0.655363
3.840000	-0.774243	0.663171
3.850000	-0.767612	0.670913
3.860000	-0.760903	0.678590
3.870000	-0.754117	0.686199
3.880000	-0.747255	0.693740
3.890000	-0.740317	0.701212
3.900000	-0.733305	0.708615
3.910000	-0.726219	0.715949
3.920000	-0.719060	0.723211
3.930000	-0.711827	0.730401
3.940000	-0.704523	0.737520
3.950000	-0.697148	0.744565
3.960000	-0.689703	0.751536
3.970000	-0.682187	0.758433
3.980000	-0.674603	0.765255
3.990000	-0.666950	0.772001
4.000000	-0.659230	0.778671
4.010000	-0.651444	0.785263
4.020000	-0.643591	0.791777
4.030000	-0.635673	0.798213
4.040000	-0.627691	0.804570
4.050000	-0.619645	0.810847
4.060000	-0.611537	0.817043
4.070000	-0.603366	0.823159
4.080000	-0.595135	0.829193
4.090000	-0.586843	0.835144
4.100000	-0.578492	0.841012
4.110000	-0.570081	0.846797
4.120000	-0.561613	0.852498
4.130000	-0.553088	0.858114
4.140000	-0.544507	0.863645
4.150000	-0.535871	0.869090
4.160000	-0.527180	0.874449
4.170000	-0.518435	0.879721
4.180000	-0.509638	0.884905
4.190000	-0.500789	0.890001
4.200000	-0.491889	0.895009
4.210000	-0.482939	0.899928
4.220000	-0.473940	0.904758
4.230000	-0.464892	0.909497
4.240000	-0.455797	0.914146
4.250000	-0.446656	0.918704
4.260000	-0.437469	0.923170
4.270000	-0.428237	0.927545
4.280000	-0.418962	0.931827
4.290000	-0.409643	0.936017
4.300000	-0.400283	0.940114
4.310000	-0.390882	0.944116
4.320000	-0.381441	0.948025
4.330000	-0.371961	0.951840
4.340000	-0.362442	0.955559
4.350000	-0.352887	0.959184
4.360000	-0.343295	0.962712
4.370000	-0.333668	0.966145
4.380000	-0.324006	0.969482
4.390000	-0.314311	0.972722
4.400000	-0.304584	0.975865
4.410000	-0.294826	0.978911
4.420000	-0.285036	0.981859
4.430000	-0.275218	0.984710
4.440000	-0.265371	0.987462
4.450000	-0.255496	0.990116
4.460000	-0.245595	0.992671
4.470000	-0.235668	0.995127
4.480000	-0.225717	0.997483
4.490000	-0.215742	0.999740
4.500000	-0.205745	1.001898
4.510000	-0.195726	1.003955
4.520000	-0.185686	1.005913
4.530000	-0.175627	1.007769
4.540000	-0.165549	1.009526
4.550000	-0.155454	1.011181
4.560000	-0.145342	1.012736
4.570000	-0.135215	1.014189
4.580000	-0.125073	1.015541
4.590000	-0.114918	1.016792
4.600000	-0.104750	1.017941
4.610000	-0.094570	1.018989
4.620000	-0.084380	1.019934
4.630000	-0.074181	1.020778
4.640000	-0.063973	1.021520
4.650000	-0.053758	1.022160
4.660000	-0.043537	1.022697
4.670000	-0.033310	1.023133
4.680000	-0.023078	1.023466
4.690000	-0.012844	1.023697
4.700000	-0.002607	1.023825
4.710000	0.007632	1.023851
4.720000	0.017870	1.023775
4.730000	0.028108	1.023596
4.740000	0.038344	1.023315
4.750000	0.048577	1.022931
4.760000	0.058806	1.022446
4.770000	0.069031	1.021858
4.780000	0.079249	1.021167
4.790000	0.089461	1.020375
4.800000	0.099665	1.019480
4.810000	0.109860	1.018484
4.820000	0.120044	1.017385
4.830000	0.130218	1.016185
4.840000	0.140380	1.014882
4.850000	0.150529	1.013479
4.860000	0.160664	1.011973
4.870000	0.170783	1.010367
4.880000	0.180887	1.008659
4.890000	0.190974	1.006850
4.900000	0.201042	1.004940
4.910000	0.211092	1.002930
4.920000	0.221121	1.000819
4.930000	0.231129	0.998608
4.940000	0.241115	0.996296
4.950000	0.251078	0.993885
4.960000	0.261017	0.991374
4.970000	0.270931	0.988764
4.980000	0.280818	0.986055
4.990000	0.290679	0.983247
5.000000	0.300511	0.980340
5.010000	0.310315	0.977335
5.020000	0.320088	0.974232
5.030000	0.329830	0.971031
5.040000	0.339541	0.967733
5.050000	0.349218	0.964337
5.060000	0.358861	0.960845
5.070000	0.368470	0.957256
5.080000	0.378042	0.953572
5.090000	0.387578	0.949791
5.100000	0.397076	0.945915
5.110000	0.406535	0.941945
5.120000	0.415955	0.937879
5.130000	0.425333	0.933720
5.140000	0.434671	0.929466
5.150000	0.443965	0.925120
5.160000	0.453217	0.920680
5.170000	0.462423	0.916148
5.180000	0.471585	0.911524
5.190000	0.480700	0.906808
5.200000	0.489768	0.902001
5.210000	0.498788	0.897103
5.220000	0.507759	0.892115
5.230000	0.516680	0.887038
5.240000	0.525551	0.881871
5.250000	0.534369	0.876615
5.260000	0.543136	0.871272
5.270000	0.551848	0.865840
5.280000	0.560507	0.860322
5.290000	0.569110	0.854717
5.300000	0.577657	0.849026
5.310000	0.586147	0.843249
5.320000	0.594580	0.837388
5.330000	0.602954	0.831442
5.340000	0.611268	0.825412
5.350000	0.619522	0.819300
5.360000	0.627715	0.813104
5.370000	0.635846	0.806827
5.380000	0.643915	0.800469
5.390000	0.651919	0.794030
5.400000	0.659860	0.787510
5.410000	0.667735	0.780912
5.420000	0.675544	0.774234
5.430000	0.683286	0.767479
5.440000	0.690961	0.760646
5.450000	0.698567	0.753737
5.460000	0.706105	0.746751
5.470000	0.713572	0.739690
5.480000	0.720969	0.732554
5.490000	0.728295	0.725344
5.500000	0.735548	0.718062
5.510000	0.742729	0.710706
5.520000	0.749836	0.703279
5.530000	0.756869	0.695780
5.540000	0.763826	0.688212
5.550000	0.770708	0.680573
5.560000	0.777514	0.672866
5.570000	0.784243	0.665091
5.580000	0.790894	0.657249
5.590000	0.797466	0.649340
5.600000	0.803960	0.641365
5.610000	0.810373	0.633326
5.620000	0.816707	0.625222
5.630000	0.822959	0.617055
5.640000	0.829129	0.608825
5.650000	0.835218	0.600534
5.660000	0.841223	0.592182
5.670000	0.847145	0.583769
5.680000	0.852982	0.575298
5.690000	0.858735	0.566768
5.700000	0.864403	0.558181
5.710000	0.869985	0.549537
5.720000	0.875480	0.540837
5.730000	0.880889	0.532082
5.740000	0.886210	0.523273
5.750000	0.891442	0.514411
5.760000	0.896586	0.505497
5.770000	0.901641	0.496531
5.780000	0.906607	0.487515
5.790000	0.911482	0.478448
5.800000	0.916266	0.469334
5.810000	0.920960	0.460171
5.820000	0.925561	0.450961
5.830000	0.930071	0.441706
5.840000	0.934488	0.432405
5.850000	0.938812	0.423060
5.860000	0.943043	0.413672
5.870000	0.947179	0.404242
5.880000	0.951222	0.394770
5.890000	0.955169	0.385258
5.900000	0.959022	0.375706
5.910000	0.962779	0.366116
5.920000	0.966440	0.356488
5.930000	0.970005	0.346823
5.940000	0.973473	0.337123
5.950000	0.976845	0.327389
5.960000	0.980118	0.317620
5.970000	0.983295	0.307819
5.980000	0.986373	0.297986
5.990000	0.989353	0.288122
6.000000	0.992234	0.278229
6.010000	0.995016	0.268307
6.020000	0.997699	0.258356
6.030000	1.000283	0.248379
6.040000	1.002767	0.238377
6.050000	1.005150	0.228349
6.060000	1.007434	0.218297
6.070000	1.009617	0.208223
6.080000	1.011699	0.198127
6.090000	1.013680	0.188010
6.100000	1.015561	0.177873
6.110000	1.017339	0.167717
6.120000	1.019016	0.157544
6.130000	1.020592	0.147354
6.140000	1.022065	0.137148
6.150000	1.023437	0.126927
6.160000	1.024706	0.116693
6.170000	1.025873	0.106446
6.180000	1.026938	0.096187
6.190000	1.027899	0.085918
6.200000	1.028759	0.075639
6.210000	1.029515	0.065351
6.220000	1.030168	0.055056
6.230000	1.030719	0.044754
6.240000	1.031167	0.034447
6.250000	1.031511	0.024136
6.260000	1.031752	0.013820
6.270000	1.031891	0.003503
6.280000	1.031926	-0.006816
6.290000	1.031857	-0.017135
6.300000	1.031686	-0.027454
6.310000	1.031412	-0.037771
6.320000	1.031034	-0.048085
6.330000	1.030553	-0.058395
6.340000	1.029969	-0.068701
6.350000	1.029282	-0.079000
6.360000	1.028492	-0.089293
6.370000	1.027599	-0.099578
6.380000	1.026603	-0.109854
6.390000	1.025505	-0.120120
6.400000	1.024304	-0.130375
6.410000	1.023000	-0.140618
6.420000	1.021594	-0.150848
6.430000	1.020085	-0.161064
6.440000	1.018475	-0.171265
6.450000	1.016762	-0.181450
6.460000	1.014947	-0.191617
6.470000	1.013031	-0.201767
6.480000	1.011014	-0.211897
6.490000	1.008895	-0.222007
6.500000	1.006675	-0.232096
6.510000	1.004354	-0.242163
6.520000	1.001932	-0.252207
6.530000	0.999410	-0.262226
6.540000	0.996788	-0.272220
6.550000	0.994065	-0.282188
6.560000	0.991244	-0.292128
6.570000	0.988322	-0.302041
6.580000	0.985302	-0.311924
6.590000	0.982183	-0.321777
6.600000	0.978965	-0.331599
6.610000	0.975649	-0.341389
6.620000	0.972235	-0.351145
6.630000	0.968723	-0.360867
6.640000	0.965115	-0.370555
6.650000	0.961409	-0.380206
6.660000	0.957607	-0.389820
6.670000	0.953709	-0.399396
6.680000	0.949715	-0.408933
6.690000	0.945626	-0.418430
6.700000	0.941441	-0.427887
6.710000	0.937163	-0.437301
6.720000	0.932790	-0.446673
6.730000	0.928323	-0.456000
6.740000	0.923763	-0.465284
6.750000	0.919110	-0.474521
6.760000	0.914365	-0.483712
6.770000	0.909528	-0.492856
6.780000	0.904599	-0.501951
6.790000	0.899580	-0.510997
6.800000	0.894470	-0.519993
6.810000	0.889270	-0.528938
6.820000	0.883980	-0.537831
6.830000	0.878602	-0.546670
6.840000	0.873135	-0.555456
6.850000	0.867581	-0.564188
6.860000	0.861939	-0.572863
6.870000	0.856210	-0.581483
6.880000	0.850395	-0.590045
6.890000	0.844495	-0.598549
6.900000	0.838509	-0.606994
6.910000	0.832440	-0.615379
6.920000	0.826286	-0.623703
6.930000	0.820049	-0.631966
6.940000	0.813729	-0.640167
6.950000	0.807327	-0.648304
6.960000	0.800844	-0.656377
6.970000	0.794281	-0.664386
6.980000	0.787637	-0.672329
6.990000	0.780913	-0.680205
7.000000	0.774111	-0.688014
7.010000	0.767231	-0.695755
7.020000	0.760274	-0.703427
7.030000	0.753239	-0.711030
7.040000	0.746129	-0.718563
7.050000	0.738943	-0.726024
7.060000	0.731683	-0.733413
7.070000	0.724349	-0.740730
7.080000	0.716942	-0.747974
7.090000	0.709462	-0.755143
7.100000	0.701911	-0.762238
7.110000	0.694288	-0.769257
7.120000	0.686596	-0.776200
7.130000	0.678834	-0.783066
7.140000	0.671003	-0.789854
7.150000	0.663104	-0.796564
7.160000	0.655139	-0.803195
7.170000	0.647107	-0.809746
7.180000	0.639009	-0.816217
7.190000	0.630847	-0.822608
7.200000	0.622621	-0.828916
7.210000	0.614332	-0.835142
7.220000	0.605981	-0.841286
7.230000	0.597568	-0.847345
7.240000	0.589094	-0.853321
7.250000	0.580561	-0.859212
7.260000	0.571969	-0.865018
7.270000	0.563319	-0.870737
7.280000	0.554611	-0.876370
7.290000	0.545848	-0.881917
7.300000	0.537029	-0.887375
7.310000	0.528155	-0.892745
7.320000	0.519227	-0.898027
7.330000	0.510247	-0.903219
7.340000	0.501215	-0.908322
7.350000	0.492132	-0.913334
7.360000	0.482998	-0.918255
7.370000	0.473816	-0.923085
7.380000	0.464585	-0.927823
7.390000	0.455307	-0.932469
7.400000	0.445982	-0.937022
7.410000	0.436612	-0.941482
7.420000	0.427197	-0.945848
7.430000	0.417738	-0.950120
7.440000	0.408237	-0.954297
7.450000	0.398694	-0.958380
7.460000	0.389110	-0.962367
7.470000	0.379487	-0.966258
7.480000	0.369824	-0.970053
7.490000	0.360124	-0.973751
7.500000	0.350386	-0.977352
7.510000	0.340613	-0.980856
7.520000	0.330804	-0.984262
7.530000	0.320961	-0.987570
7.540000	0.311086	-0.990780
7.550000	0.301178	-0.993891
7.560000	0.291239	-0.996903
7.570000	0.281270	-0.999815
7.580000	0.271272	-1.002628
7.590000	0.261246	-1.005340
7.600000	0.251192	-1.007953
7.610000	0.241113	-1.010465
7.620000	0.231008	-1.012876
7.630000	0.220879	-1.015186
7.640000	0.210727	-1.017395
7.650000	0.200553	-1.019502
7.660000	0.190358	-1.021508
7.670000	0.180143	-1.023411
7.680000	0.169909	-1.025213
7.690000	0.159657	-1.026912
7.700000	0.149388	-1.028508
7.710000	0.139103	-1.030002
7.720000	0.128803	-1.031393
7.730000	0.118489	-1.032681
7.740000	0.108162	-1.033866
7.750000	0.097824	-1.034948
7.760000	0.087474	-1.035926
7.770000	0.077115	-1.036801
7.780000	0.066747	-1.037572
7.790000	0.056371	-1.038239
7.800000	0.045989	-1.038803
7.810000	0.035601	-1.039263
7.820000	0.025208	-1.039619
7.830000	0.014812	-1.039871
7.840000	0.004413	-1.040019
7.850000	-0.005987	-1.040063
7.860000	-0.016388	-1.040003
7.870000	-0.026788	-1.039839
7.880000	-0.037186	-1.039572
7.890000	-0.047582	-1.039200
7.900000	-0.057974	-1.038724
7.910000	-0.068361	-1.038144
7.920000	-0.078743	-1.037461
7.930000	-0.089117	-1.036673
7.940000	-0.099484	-1.035782
7.950000	-0.109842	-1.034787
7.960000	-0.120190	-1.033689
7.970000	-0.130526	-1.032487
7.980000	-0.140851	-1.031182
7.990000	-0.151163	-1.029773
8.000000	-0.161461	-1.028261
8.010000	-0.171743	-1.026647
8.020000	-0.182010	-1.024929
8.030000	-0.192259	-1.023109
8.040000	-0.202490	-1.021187
8.050000	-0.212702	-1.019162
8.060000	-0.222894	-1.017035
8.070000	-0.233064	-1.014806
8.080000	-0.243212	-1.012475
8.090000	-0.253337	-1.010043
8.100000	-0.263437	-1.007510
8.110000	-0.273512	-1.004875
8.120000	-0.283561	-1.002140
8.130000	-0.293583	-0.999305
8.140000	-0.303576	-0.996369
8.150000	-0.313539	-0.993333
8.160000	-0.323473	-0.990198
8.170000	-0.333375	-0.986963
8.180000	-0.343244	-0.983629
8.190000	-0.353081	-0.980197
8.200000	-0.362883	-0.976666
8.210000	-0.372649	-0.973037
8.220000	-0.382380	-0.969311
8.230000	-0.392073	-0.965487
8.240000	-0.401728	-0.961566
8.250000	-0.411343	-0.957549
8.260000	-0.420919	-0.953435
8.270000	-0.430453	-0.949226
8.280000	-0.439945	-0.944922
8.290000	-0.449395	-0.940522
8.300000	-0.458800	-0.936028
8.310000	-0.468160	-0.931440
8.320000	-0.477474	-0.926759
8.330000	-0.486742	-0.921984
8.340000	-0.495962	-0.917116
8.350000	-0.505133	-0.912157
8.360000	-0.514255	-0.907105
8.370000	-0.523326	-0.901963
8.380000	-0.532345	-0.896730
8.390000	-0.541313	-0.891406
8.400000	-0.550227	-0.885993
8.410000	-0.559087	-0.880491
8.420000	-0.567891	-0.874900
8.430000	-0.576640	-0.869221
8.440000	-0.585333	-0.863455
8.450000	-0.593967	-0.857601
8.460000	-0.602543	-0.851662
8.470000	-0.611060	-0.845636
8.480000	-0.619516	-0.839526
8.490000	-0.627911	-0.833330
8.500000	-0.636245	-0.827051
8.510000	-0.644515	-0.820689
8.520000	-0.652722	-0.814244
8.530000	-0.660865	-0.807716
8.540000	-0.668942	-0.801108
8.550000	-0.676953	-0.794418
8.560000	-0.684897	-0.787649
8.570000	-0.692774	-0.780800
8.580000	-0.700582	-0.773872
8.590000	-0.708320	-0.766866
8.600000	-0.715989	-0.759783
8.610000	-0.723587	-0.752623
8.620000	-0.731113	-0.745387
8.630000	-0.738567	-0.738076
8.640000	-0.745948	-0.730691
8.650000	-0.753255	-0.723231
8.660000	-0.760487	-0.715699
8.670000	-0.767644	-0.708094
8.680000	-0.774725	-0.700417
8.690000	-0.781729	-0.692670
8.700000	-0.788656	-0.684853
8.710000	-0.795504	-0.676966
8.720000	-0.802274	-0.669011
8.730000	-0.808964	-0.660988
8.740000	-0.815574	-0.652899
8.750000	-0.822103	-0.644743
8.760000	-0.828550	-0.636522
8.770000	-0.834915	-0.628237
8.780000	-0.841198	-0.619887
8.790000	-0.847397	-0.611475
8.800000	-0.853511	-0.603001
8.810000	-0.859541	-0.594466
8.820000	-0.865486	-0.585871
8.830000	-0.871345	-0.577216
8.840000	-0.877117	-0.568503
8.850000	-0.882802	-0.559731
8.860000	-0.888399	-0.550903
8.870000	-0.893908	-0.542019
8.880000	-0.899329	-0.533080
8.890000	-0.904659	-0.524087
8.900000	-0.909900	-0.515040
8.910000	-0.915051	-0.505941
8.920000	-0.920110	-0.496791
8.930000	-0.925078	-0.487590
8.940000	-0.929954	-0.478339
8.950000	-0.934737	-0.469040
8.960000	-0.939428	-0.459692
8.970000	-0.944025	-0.450298
8.980000	-0.948528	-0.440858
8.990000	-0.952936	-0.431372
9.000000	-0.957250	-0.421843
9.010000	-0.961468	-0.412270
9.020000	-0.965591	-0.402656
9.030000	-0.969618	-0.393000
9.040000	-0.973548	-0.383304
9.050000	-0.977381	-0.373568
9.060000	-0.981116	-0.363794
9.070000	-0.984754	-0.353983
9.080000	-0.988294	-0.344136
9.090000	-0.991735	-0.334253
9.100000	-0.995078	-0.324335
9.110000	-0.998321	-0.314385
9.120000	-1.001465	-0.304401
9.130000	-1.004509	-0.294387
9.140000	-1.007453	-0.284342
9.150000	-1.010296	-0.274267
9.160000	-1.013039	-0.264164
9.170000	-1.015681	-0.254034
9.180000	-1.018221	-0.243877
9.190000	-1.020660	-0.233695
9.200000	-1.022997	-0.223488
9.210000	-1.025232	-0.213258
9.220000	-1.027364	-0.203006
9.230000	-1.029394	-0.192732
9.240000	-1.031322	-0.182438
9.250000	-1.033146	-0.172125
9.260000	-1.034867	-0.161794
9.270000	-1.036485	-0.151445
9.280000	-1.038000	-0.141080
9.290000	-1.039410	-0.130700
9.300000	-1.040717	-0.120306
9.310000	-1.041921	-0.109899
9.320000	-1.043020	-0.099480
9.330000	-1.044014	-0.089049
9.340000	-1.044905	-0.078609
9.350000	-1.045691	-0.068160
9.360000	-1.046372	-0.057703
9.370000	-1.046950	-0.047240
9.380000	-1.047422	-0.036770
9.390000	-1.047790	-0.026296
9.400000	-1.048053	-0.015818
9.410000	-1.048211	-0.005337
9.420000	-1.048264	0.005145
9.430000	-1.048213	0.015627
9.440000	-1.048056	0.026109
9.450000	-1.047795	0.036590
9.460000	-1.047429	0.047068
9.470000	-1.046959	0.057542
9.480000	-1.046383	0.068012
9.490000	-1.045703	0.078476
9.500000	-1.044918	0.088933
9.510000	-1.044029	0.099382
9.520000	-1.043035	0.109822
9.530000	-1.041937	0.120252
9.540000	-1.040735	0.130672
9.550000	-1.039428	0.141079
9.560000	-1.038017	0.151473
9.570000	-1.036502	0.161854
9.580000	-1.034884	0.172219
9.590000	-1.033162	0.182568
9.600000	-1.031336	0.192899
9.610000	-1.029407	0.203212
9.620000	-1.027375	0.213507
9.630000	-1.025240	0.223780
9.640000	-1.023002	0.234033
9.650000	-1.020662	0.244263
9.660000	-1.018219	0.254469
9.670000	-1.015674	0.264652
9.680000	-1.013028	0.274808
9.690000	-1.010280	0.284939
9.700000	-1.007430	0.295041
9.710000	-1.004480	0.305116
9.720000	-1.001429	0.315160
9.730000	-0.998277	0.325175
9.740000	-0.995025	0.335158
9.750000	-0.991674	0.345108
9.760000	-0.988223	0.355025
9.770000	-0.984672	0.364907
9.780000	-0.981023	0.374753
9.790000	-0.977276	0.384564
9.800000	-0.973430	0.394336
9.810000	-0.969487	0.404071
9.820000	-0.965446	0.413766
9.830000	-0.961309	0.423420
9.840000	-0.957074	0.433033
9.850000	-0.952744	0.442604
9.860000	-0.948318	0.452131
9.870000	-0.943797	0.461615
9.880000	-0.939180	0.471052
9.890000	-0.934470	0.480444
9.900000	-0.929666	0.489789
9.910000	-0.924768	0.499086
9.920000	-0.919777	0.508333
9.930000	-0.914693	0.517531
9.940000	-0.909518	0.526678
9.950000	-0.904251	0.535773
9.960000	-0.898894	0.544816
9.970000	-0.893445	0.553805
9.980000	-0.887907	0.562739
9.990000	-0.882280	0.571618
10.000000	-0.876564	0.580441
